10
58681 138 58 17
2 6 4 7 8 5 3 9 1 10
5 1109 6
4 5 1 0
54043 160 84 19
1 6 9 7 5 2 4 3 8 10
5 989 2
3 10 0 0
75942 163 83 10
9 5 1 3 6 2 8 7 4 10
4 0 0
7 28 6 615
64029 105 58 0
9 4 3 7 6 1 2 5 8 10
1 0 0
1 60 0 0
59128 160 57 8
6 4 5 7 2 9 8 3 1 10
1 0 0
2 0 0 0
93449 183 99 2
4 5 2 6 8 1 9 7 3 10
4 0 0
6 6 3 0
99316 123 70 10
3 9 7 6 8 5 1 2 4 10
4 0 0
2 0 0 0
88278 165 64 10
2 6 5 8 7 9 1 3 4 10
5 2001 2
4 40 1 0
67450 163 90 16
5 6 4 9 8 2 1 3 7 10
2 7 0
1 57 0 0
1000000 11500 67 18
1 9 4 8 6 2 3 7 5 10
1 0 0
10 11500 0 0
63004 178 75 8
5 1 9 4 7 2 8 6 3 10
4 0 0
6 14 1 0
82142 121 83 7
9 2 4 6 1 7 8 5 3 10
4 0 0
4 20 1 0
95998 143 76 16
3 6 4 8 9 1 5 2 7 10
1 0 0
1 96 0 0
54458 170 82 0
5 6 7 3 1 8 4 9 2 10
3 40 1
3 10 0 0
64235 163 88 12
8 5 3 4 7 9 6 2 1 10
1 0 0
9 45 1 1765
54426 186 77 13
6 3 9 2 1 4 8 7 5 10
1 0 0
3 10 0 0
68665 153 89 0
7 4 3 6 9 2 5 1 8 10
2 32 0
5 1 0 0
64759 168 50 10
5 8 4 6 9 3 2 1 7 10
3 67 1
7 12 6 2222
69532 174 90 8
2 9 1 8 5 6 4 3 7 10
3 71 1
3 10 0 0
1000000 11500 85 15
5 3 6 7 2 4 8 1 9 10
1 0 0
10 11500 0 0
