10
27311 114 54 6
5 3 1 8 7 4 9 6 2 10
2 1 0
6 19 2 0
36612 151 67 14
5 4 8 9 3 1 6 7 2 10
2 20 0
6 40 3 0
31538 157 92 19
9 2 4 5 8 1 6 3 7 10
5 2274 5
3 10 0 0
32576 191 100 5
5 8 3 1 4 6 9 2 7 10
1 0 0
5 1 0 0
47310 162 99 12
9 2 3 7 1 8 5 4 6 10
1 0 0
5 2 0 0
44507 157 78 11
4 7 3 2 8 1 9 5 6 10
1 0 0
7 29 3 1213
34934 121 59 4
7 2 3 8 4 5 1 9 6 10
5 1369 1
7 43 6 1593
34042 114 72 16
6 7 1 8 9 4 3 5 2 10
5 1799 3
7 9 1 1084
27362 130 87 8
7 1 9 4 3 5 6 2 8 10
4 0 0
8 7 1 0
100000 10000 50 1
8 3 2 9 1 6 5 7 4 10
1 0 0
10 10000 0 0
36581 162 82 1
6 9 8 2 1 3 5 4 7 10
5 825 1
8 24 1 0
29212 170 75 15
2 1 6 4 5 9 7 8 3 10
3 50 1
6 32 2 0
45084 170 60 7
5 9 8 2 7 4 3 1 6 10
1 0 0
7 49 6 445
31635 132 64 11
5 6 9 8 4 3 7 2 1 10
5 237 10
8 38 1 0
37638 200 60 10
8 5 2 7 9 1 6 4 3 10
5 1185 6
6 13 3 0
41416 111 58 20
9 7 6 8 4 3 1 5 2 10
2 40 0
3 10 0 0
35448 115 89 11
9 6 2 5 1 3 4 7 8 10
2 39 0
3 10 0 0
29272 176 90 12
5 3 6 7 1 2 8 4 9 10
5 186 1
9 30 1 684
35887 193 62 15
9 7 8 4 6 1 5 3 2 10
2 2 0
5 2 0 0
100000 10000 56 18
6 4 5 1 7 9 8 3 2 10
1 0 0
10 10000 0 0
