10
37666 155 71 4
7 3 5 6 8 4 1 2 9 10
4 0 0
8 13 1 0
27554 110 92 12
4 9 1 2 3 8 5 6 7 10
3 17 1
3 10 0 0
43187 137 68 15
8 4 7 2 5 9 6 3 1 10
3 32 1
2 0 0 0
37324 130 83 20
4 8 6 7 2 9 3 5 1 10
1 0 0
6 47 1 0
43003 159 92 12
6 2 3 7 8 4 5 9 1 10
2 4 0
8 29 1 0
32169 193 92 7
2 7 6 9 3 5 4 1 8 10
5 558 8
4 36 1 0
27922 184 73 1
4 8 2 7 3 5 6 9 1 10
4 0 0
3 10 0 0
25145 103 78 7
1 4 8 6 7 2 9 3 5 10
2 21 0
5 1 0 0
37360 200 80 20
8 3 1 7 6 4 9 2 5 10
4 0 0
9 2 1 862
100000 10000 77 3
8 6 4 9 7 5 2 1 3 10
1 0 0
10 10000 0 0
45526 179 58 16
9 6 2 8 1 3 4 7 5 10
3 22 1
6 30 2 0
32335 190 97 14
8 5 1 4 9 6 3 2 7 10
3 19 1
9 39 1 842
44979 172 52 9
8 9 3 7 4 2 1 6 5 10
1 0 0
3 10 0 0
48688 148 67 12
3 1 6 7 5 9 2 8 4 10
4 0 0
3 10 0 0
38237 170 70 13
4 3 2 7 5 1 8 6 9 10
2 3 0
4 12 1 0
48574 136 87 19
8 2 3 5 4 7 9 6 1 10
1 0 0
6 38 3 0
33603 157 87 15
8 3 9 1 6 7 4 5 2 10
3 7 1
9 44 1 610
34171 132 87 8
2 6 1 5 7 4 3 8 9 10
3 27 1
6 15 3 0
25387 161 55 5
5 4 1 6 3 8 2 7 9 10
4 0 0
9 33 1 327
100000 10000 67 13
6 1 3 5 8 7 2 4 9 10
1 0 0
10 10000 0 0
