10
91385 150 61 10
1 6 4 7 2 8 3 5 9 10
1 0 0
2 0 0 0
54083 116 80 5
4 2 6 8 3 1 9 7 5 10
2 11 0
1 57 0 0
57408 108 64 9
8 6 4 1 7 9 3 2 5 10
4 0 0
7 82 1 3569
82185 103 79 18
2 4 7 9 3 5 8 1 6 10
2 37 0
3 10 0 0
94836 199 88 20
7 9 1 6 8 3 4 5 2 10
5 2071 8
9 65 1 996
69691 123 52 4
5 4 8 2 7 3 1 9 6 10
5 4113 4
9 6 1 399
51552 118 59 1
4 9 6 2 5 7 3 1 8 10
4 0 0
9 48 1 1842
91407 200 83 19
3 2 4 7 5 1 9 8 6 10
1 0 0
3 10 0 0
91528 126 99 10
7 9 1 6 8 4 5 2 3 10
2 34 0
7 58 1 2248
100000 10000 67 10
5 3 8 6 7 2 4 9 1 10
1 0 0
10 10000 0 0
70092 153 84 17
7 8 1 5 6 9 4 2 3 10
3 13 1
3 10 0 0
99351 167 63 3
9 3 1 5 4 2 8 6 7 10
2 31 0
8 51 1 0
75302 126 87 1
8 3 5 2 7 4 1 9 6 10
4 0 0
4 7 1 0
65917 182 87 18
5 6 9 4 8 3 7 2 1 10
2 14 0
6 36 3 0
80916 178 86 2
1 7 4 6 2 8 3 9 5 10
2 6 0
7 57 5 1998
84463 150 85 1
8 3 7 5 4 6 1 2 9 10
4 0 0
2 0 0 0
55285 194 79 2
2 9 7 4 3 6 8 1 5 10
4 0 0
3 10 0 0
72739 122 83 10
1 6 2 4 8 5 9 3 7 10
3 50 1
2 0 0 0
70639 143 89 11
3 6 5 8 4 7 2 1 9 10
1 0 0
9 3 1 230
100000 10000 73 14
7 1 6 4 3 5 2 8 9 10
1 0 0
10 10000 0 0
