10
78828 179 95 13
3 5 6 7 2 4 8 9 1 10
2 46 0
4 73 1 0

99054 162 73 17
3 7 9 8 6 2 4 5 1 10
2 18 0
3 10 0 0

65727 197 94 18
2 7 4 6 5 1 9 8 3 10
4 0 0
9 96 1 1983

62400 105 80 3
7 1 6 3 4 2 5 8 9 10
3 90 1
5 1 0 0

91317 108 80 9
9 4 5 3 1 7 6 2 8 10
1 0 0
6 19 2 0

79114 164 55 20
3 5 7 8 1 4 6 9 2 10
4 0 0
3 10 0 0

62689 119 93 11
8 1 4 9 5 6 3 7 2 10
2 33 0
2 0 0 0

66609 182 97 7
7 9 5 1 6 8 2 4 3 10
5 2149 2
5 1 0 0

66743 200 93 12
2 3 6 4 8 5 9 7 1 10
1 0 0
8 46 1 0

100000 10000 58 11
5 3 4 1 8 2 6 9 7 10
1 0 0
10 10000 0 0

61370 184 58 2
9 8 1 2 5 4 7 6 3 10
4 0 0
9 23 1 974

55919 149 86 5
9 7 4 2 6 5 1 3 8 10
5 2884 3
8 6 1 0

53370 140 59 1
7 1 6 3 5 9 2 8 4 10
2 12 0
5 1 0 0

86190 161 82 2
8 1 6 7 2 4 3 9 5 10
1 0 0
9 18 1 1654

75315 154 63 2
1 2 5 6 9 7 4 8 3 10
1 0 0
3 10 0 0

74395 136 73 5
4 1 3 8 7 9 6 5 2 10
1 0 0
6 25 1 0

88093 105 77 14
8 4 9 5 7 1 6 3 2 10
4 0 0
6 67 2 0

84349 111 57 2
9 2 7 6 1 8 4 5 3 10
2 45 0
7 56 2 785

76718 150 59 17
9 4 7 5 1 3 2 6 8 10
1 0 0
4 93 1 0

100000 10000 92 20
5 2 7 6 1 4 3 8 9 10
1 0 0
10 10000 0 0

