10
94223 120 76 8
1 7 4 2 9 6 3 8 5 10
2 34 0
5 2 0 0

97764 107 75 1
7 5 8 9 3 2 4 1 6 10
5 2621 3
9 11 1 199

59960 194 54 2
1 8 7 9 3 4 6 5 2 10
5 3341 8
6 85 3 0

60928 157 78 10
4 2 5 8 6 1 3 9 7 10
4 0 0
5 2 0 0

99246 180 70 14
8 6 3 5 4 7 1 9 2 10
2 41 0
7 97 6 4946

68635 102 80 8
4 7 5 2 3 6 1 8 9 10
4 0 0
4 63 1 0

69046 112 89 0
9 6 2 1 7 8 3 4 5 10
4 0 0
2 0 0 0

95153 145 80 8
9 1 2 5 6 3 7 8 4 10
4 0 0
1 87 0 0

69744 109 81 2
5 6 7 1 3 9 8 2 4 10
3 59 1
1 89 0 0

100000 10000 76 0
6 4 3 1 7 5 8 2 9 10
1 0 0
10 10000 0 0

55165 138 96 12
1 2 7 6 3 8 4 5 9 10
1 0 0
4 75 1 0

61642 160 86 19
1 8 6 7 4 5 9 2 3 10
3 71 1
2 0 0 0

56615 147 57 17
6 5 8 7 1 3 2 4 9 10
1 0 0
2 0 0 0

63417 115 87 0
5 7 3 6 9 2 8 4 1 10
4 0 0
9 90 1 950

91598 137 78 4
3 9 4 7 1 8 5 6 2 10
3 57 1
3 10 0 0

53608 124 93 11
7 2 3 6 9 1 4 5 8 10
2 46 0
4 33 1 0

70320 131 99 0
7 4 1 3 6 8 2 9 5 10
4 0 0
7 9 5 4335

64619 111 52 12
2 9 1 4 5 8 7 6 3 10
2 30 0
8 45 1 0

79844 200 65 14
1 7 9 8 4 3 5 2 6 10
1 0 0
7 80 1 3156

100000 10000 80 11
8 1 3 4 5 6 2 9 7 10
1 0 0
10 10000 0 0

