10
97200 148 58 5
5 9 4 2 1 3 6 7 8 10
2 20 0
3 10 0 0

96894 196 77 19
8 7 3 2 9 4 1 5 6 10
5 3603 9
5 2 0 0

70957 145 70 10
4 7 2 1 5 8 3 6 9 10
5 1376 4
9 75 1 1175

88728 137 56 1
9 3 8 2 1 5 6 7 4 10
4 0 0
3 10 0 0

51254 142 100 9
7 2 6 3 4 1 9 5 8 10
1 0 0
3 10 0 0

98096 151 61 12
7 8 9 3 5 4 2 1 6 10
3 6 1
5 1 0 0

75635 127 66 8
3 1 6 4 5 8 7 9 2 10
4 0 0
5 1 0 0

92921 114 79 17
2 5 4 9 8 1 7 3 6 10
1 0 0
6 28 2 0

71353 184 70 13
2 8 6 3 9 5 7 4 1 10
3 23 1
1 63 0 0

100000 10000 76 5
2 8 3 1 7 9 4 5 6 10
1 0 0
10 10000 0 0

94252 100 68 11
8 4 5 2 7 3 9 6 1 10
5 4585 6
8 41 1 0

82197 177 60 2
2 5 3 1 7 8 6 4 9 10
4 0 0
4 17 1 0

82899 176 78 7
9 5 2 8 7 1 6 4 3 10
1 0 0
7 11 6 3357

57193 155 87 6
7 8 6 1 3 2 4 9 5 10
3 76 1
9 91 1 471

76745 187 69 6
7 9 6 5 8 3 4 2 1 10
1 0 0
9 51 1 299

58759 122 64 3
2 4 1 7 3 6 8 5 9 10
5 353 1
5 2 0 0

69708 150 100 7
7 5 9 1 6 2 3 4 8 10
3 2 1
3 10 0 0

99698 160 67 10
6 5 3 9 1 2 4 7 8 10
2 25 0
4 15 1 0

77412 178 58 9
7 4 6 3 9 1 5 2 8 10
4 0 0
4 4 1 0

100000 10000 65 6
7 2 6 1 9 8 5 3 4 10
1 0 0
10 10000 0 0

