10
67409 163 78 0
3 2 8 5 6 1 7 9 4 10
2 18 0
4 36 1 0

86995 198 93 19
7 1 2 9 4 3 8 5 6 10
1 0 0
8 26 1 0

52310 162 70 18
9 7 2 1 3 6 8 4 5 10
5 3626 2
4 30 1 0

78539 157 67 18
7 6 9 3 8 2 5 4 1 10
1 0 0
8 3 1 0

82686 194 84 12
4 6 9 8 5 7 2 1 3 10
5 4721 3
4 69 1 0

67136 179 72 9
3 6 2 7 8 5 9 4 1 10
3 16 1
4 11 1 0

69556 105 75 19
4 9 7 8 6 3 2 1 5 10
5 2002 3
6 97 2 0

97274 138 64 2
2 6 1 5 7 4 8 3 9 10
5 2154 2
5 2 0 0

76646 186 60 7
8 5 9 2 3 7 6 1 4 10
1 0 0
2 0 0 0

100000 10000 57 17
8 7 6 5 9 2 3 4 1 10
1 0 0
10 10000 0 0

57732 200 51 8
7 6 1 5 2 9 4 3 8 10
3 72 1
1 93 0 0

96925 154 57 17
4 3 5 7 9 2 8 6 1 10
1 0 0
1 53 0 0

84595 170 60 8
2 7 5 9 6 3 1 8 4 10
3 51 1
8 38 1 0

93619 158 88 15
1 2 3 4 5 7 8 9 6 10
4 0 0
9 41 1 1649

97247 146 58 3
6 2 8 4 3 7 1 9 5 10
1 0 0
5 2 0 0

59322 112 55 12
6 4 2 1 5 9 3 8 7 10
3 85 1
5 1 0 0

83948 115 63 19
4 3 1 5 9 8 2 6 7 10
3 17 1
8 61 1 0

66923 108 72 7
1 2 3 4 8 7 9 6 5 10
3 90 1
3 10 0 0

95403 180 73 3
3 5 2 4 9 6 7 1 8 10
5 638 5
7 76 2 3438

100000 10000 69 18
5 6 1 7 8 3 2 4 9 10
1 0 0
10 10000 0 0

