10
70386 118 60 3
3 6 4 8 9 7 2 5 1 10
5 2880 6
6 33 2 0

84451 127 52 17
4 5 3 8 6 1 9 2 7 10
3 29 1
2 0 0 0

56127 173 51 18
1 6 7 9 4 8 3 5 2 10
1 0 0
6 88 1 0

76731 171 57 18
7 8 6 1 2 9 3 4 5 10
1 0 0
7 5 3 3692

52004 119 83 20
8 7 5 1 3 2 9 6 4 10
5 3211 5
4 54 1 0

69779 158 58 2
9 6 1 7 2 3 5 8 4 10
2 31 0
5 2 0 0

97666 101 58 1
3 7 9 6 4 2 5 8 1 10
2 20 0
7 11 6 4864

52556 153 81 0
4 5 7 2 6 1 3 8 9 10
4 0 0
9 80 1 400

81217 132 73 3
3 6 4 8 5 7 2 9 1 10
5 4152 5
9 32 1 1880

100000 10000 100 11
6 3 1 7 9 4 8 5 2 10
1 0 0
10 10000 0 0

86563 172 82 3
5 4 2 7 3 1 6 8 9 10
1 0 0
7 78 3 162

86090 156 52 14
8 1 6 4 5 3 7 9 2 10
3 37 1
1 54 0 0

87374 148 84 8
2 8 7 4 3 9 1 6 5 10
1 0 0
1 72 0 0

90548 176 51 13
4 2 5 9 1 8 6 3 7 10
4 0 0
4 1 1 0

60345 104 95 3
6 3 1 4 5 8 9 2 7 10
4 0 0
9 29 1 1686

54215 175 90 16
1 5 9 2 4 8 7 3 6 10
2 25 0
4 6 1 0

77670 153 69 1
5 4 3 2 7 6 9 1 8 10
1 0 0
1 59 0 0

74504 101 51 15
8 2 3 7 6 5 9 4 1 10
4 0 0
5 2 0 0

68111 184 85 12
8 9 2 7 5 3 6 1 4 10
2 39 0
8 87 1 0

100000 10000 77 5
6 5 4 1 2 7 8 3 9 10
1 0 0
10 10000 0 0

