10
90036 156 183 46
7 5 1 2 3 4 8 6 9 10
2 133 0
1 175 0 0
85603 138 287 5
8 4 3 9 5 7 2 6 1 10
3 24 1
8 73 1 0
72986 157 280 1
1 2 8 3 4 5 7 6 9 10
3 76 1
4 47 1 0
97125 186 187 37
6 8 3 4 2 9 7 1 5 10
3 35 1
1 152 0 0
56885 185 241 1
6 2 1 5 9 3 4 8 7 10
1 0 0
3 10 0 0
84416 144 162 37
7 1 2 3 6 5 4 8 9 10
2 52 0
9 66 2 1984
69240 172 184 14
1 6 7 4 2 9 5 8 3 10
5 2204 10
4 92 1 0
82887 153 198 32
2 6 3 4 8 1 7 5 9 10
4 0 0
9 42 3 352
50537 104 154 8
2 3 4 8 5 6 7 9 1 10
1 0 0
8 90 1 0
100000 10000 169 4
2 1 3 7 5 9 8 6 4 10
1 0 0
10 10000 0 0
95427 138 226 45
4 9 6 3 2 1 8 7 5 10
5 2544 5
1 242 0 0
60058 185 250 42
7 2 5 3 4 9 1 6 8 10
1 0 0
9 27 1 1917
75802 139 212 21
9 5 4 7 6 1 2 8 3 10
4 0 0
7 21 2 4397
79804 113 217 11
2 5 4 1 6 7 3 9 8 10
5 887 9
5 4 0 0
95646 151 255 27
1 8 3 5 7 9 4 6 2 10
4 0 0
2 0 0 0
85704 192 261 27
7 6 8 3 9 5 2 1 4 10
5 4452 1
2 0 0 0
96491 110 198 39
9 4 2 6 8 3 5 7 1 10
2 141 0
8 30 1 0
68355 134 185 45
5 2 6 1 7 4 9 8 3 10
2 41 0
9 35 3 486
59965 194 206 45
5 8 9 6 1 3 4 2 7 10
5 33 5
7 23 7 202
100000 10000 190 8
2 3 7 8 5 1 4 9 6 10
1 0 0
10 10000 0 0
