10
93013 185 162 5
8 1 3 6 5 2 9 7 4 10
2 81 0
9 69 3 1421

77017 121 256 47
7 1 5 2 8 3 9 6 4 10
2 112 0
7 73 4 2501

67482 188 168 19
4 7 1 5 2 8 6 3 9 10
1 0 0
9 86 2 184

75540 147 153 8
3 7 4 9 1 5 8 6 2 10
4 0 0
2 0 0 0

70406 113 268 4
1 2 9 5 4 6 8 7 3 10
1 0 0
4 58 1 0

98356 124 203 8
1 3 7 4 2 6 5 9 8 10
3 96 1
8 36 1 0

75057 159 269 28
9 5 3 6 7 1 4 8 2 10
5 3695 5
1 182 0 0

58863 142 224 37
6 9 3 5 2 4 8 1 7 10
3 39 1
7 65 20 2100

78787 103 232 44
9 1 4 3 2 6 8 5 7 10
3 78 1
8 64 1 0

100000 10000 207 47
2 5 8 6 7 3 4 9 1 10
1 0 0
10 10000 0 0

65577 197 297 42
6 2 8 7 9 3 5 1 4 10
1 0 0
6 75 7 0

74951 143 170 23
4 3 8 1 7 2 9 6 5 10
1 0 0
2 0 0 0

87507 102 229 35
3 6 9 2 7 5 8 4 1 10
1 0 0
7 31 5 230

53674 185 275 27
1 7 5 4 9 3 8 2 6 10
2 73 0
5 4 0 0

85317 121 286 10
3 1 9 6 8 5 2 7 4 10
3 12 1
9 28 3 264

71255 114 181 34
7 9 5 3 1 6 8 2 4 10
1 0 0
3 10 0 0

96722 196 257 16
6 1 2 7 3 9 8 5 4 10
1 0 0
7 3 8 2521

50677 167 156 0
8 3 1 9 6 5 7 4 2 10
2 115 0
3 10 0 0

50253 160 162 11
8 6 4 1 3 7 5 9 2 10
4 0 0
4 75 1 0

100000 10000 188 28
8 3 1 2 6 7 4 9 5 10
1 0 0
10 10000 0 0

