10
92555 103 60 0
5 3 2 6 1 9 7 4 8 10
2 27 0
5 2 0 0

99086 191 64 0
9 2 4 1 5 6 3 8 7 10
5 1825 4
9 5 1 1231

85279 136 60 6
7 9 4 5 8 3 1 6 2 10
5 2763 1
9 32 1 1359

83925 140 71 11
2 7 3 5 8 6 4 1 9 10
2 44 0
6 36 2 0

84489 146 87 12
3 5 6 4 9 2 8 7 1 10
1 0 0
1 71 0 0

82048 107 87 5
7 5 8 1 3 2 4 6 9 10
1 0 0
1 96 0 0

56454 178 60 17
3 1 8 7 6 5 4 9 2 10
2 7 0
1 62 0 0

58544 102 53 16
5 8 4 2 3 6 1 9 7 10
1 0 0
4 7 1 0

57388 141 63 3
5 7 1 2 9 8 6 4 3 10
2 13 0
6 15 1 0

1000000 11500 56 7
2 6 4 3 5 1 9 7 8 10
1 0 0
10 11500 0 0

74871 153 75 19
3 9 6 2 7 8 1 5 4 10
1 0 0
8 39 1 0

62240 123 67 20
6 9 7 2 5 8 1 3 4 10
5 1413 4
9 3 1 83

63227 128 74 5
2 4 5 9 6 3 8 7 1 10
4 0 0
2 0 0 0

55070 178 83 11
5 3 9 2 6 8 1 4 7 10
2 33 0
9 44 1 720

77079 183 54 6
6 8 9 2 5 1 7 4 3 10
2 33 0
7 32 4 1396

76141 195 81 15
4 6 9 5 8 2 3 7 1 10
1 0 0
4 41 1 0

88470 162 89 16
3 2 8 7 5 6 1 4 9 10
1 0 0
3 10 0 0

93949 109 65 13
5 6 7 9 3 2 1 4 8 10
4 0 0
7 44 2 132

59373 181 57 9
5 6 2 3 7 1 9 4 8 10
5 2507 1
2 0 0 0

1000000 11500 77 1
1 8 3 9 6 2 7 4 5 10
1 0 0
10 11500 0 0

