10
95990 126 293 15
4 8 5 9 2 7 1 6 3 10
2 17 0
9 17 1 30
53776 148 210 14
3 7 1 2 5 8 6 9 4 10
1 0 0
6 49 7 0
78827 152 290 46
2 4 9 1 6 8 5 7 3 10
3 55 1
3 10 0 0
63250 167 256 7
9 7 8 6 2 1 3 5 4 10
4 0 0
4 11 1 0
55533 126 202 39
5 9 3 6 2 4 7 1 8 10
5 3048 3
5 4 0 0
99877 104 243 4
9 8 4 2 7 1 6 3 5 10
5 1497 7
2 0 0 0
71201 146 165 39
1 8 3 5 2 9 7 4 6 10
1 0 0
6 42 6 0
52181 174 161 12
9 1 8 4 7 2 5 3 6 10
2 146 0
7 9 10 1363
90055 159 202 29
8 3 1 2 5 6 9 4 7 10
1 0 0
8 70 1 0
100000 10000 278 46
5 7 1 3 8 6 9 2 4 10
1 0 0
10 10000 0 0
66718 185 175 21
4 1 5 9 8 7 3 2 6 10
4 0 0
3 10 0 0
94699 140 189 20
3 2 8 7 1 9 4 6 5 10
4 0 0
1 170 0 0
50458 106 214 6
4 9 6 3 7 2 8 1 5 10
5 865 4
7 93 6 928
62184 128 179 4
9 7 2 3 5 1 8 4 6 10
4 0 0
4 5 1 0
64567 174 285 5
6 7 3 9 1 4 5 8 2 10
4 0 0
9 79 1 1201
82157 100 183 37
1 7 6 4 5 3 9 8 2 10
4 0 0
4 43 1 0
55946 159 212 49
3 8 6 2 1 7 9 4 5 10
3 88 1
4 53 1 0
76551 179 166 42
9 6 2 3 1 4 7 8 5 10
1 0 0
6 16 4 0
75838 183 181 9
9 3 7 4 1 5 2 6 8 10
1 0 0
9 71 2 2000
100000 10000 284 4
1 3 2 8 5 9 4 6 7 10
1 0 0
10 10000 0 0
