10
83433 155 272 25
9 1 8 5 7 2 3 6 4 10
2 105 0
1 231 0 0

69073 176 294 26
3 2 4 6 8 1 7 9 5 10
5 154 5
8 66 1 0

66921 155 219 35
2 8 3 4 9 7 5 1 6 10
2 118 0
7 52 17 3453

62045 133 268 6
9 6 3 2 4 8 5 7 1 10
1 0 0
9 75 3 116

51744 114 161 39
7 9 1 5 8 6 4 2 3 10
2 123 0
9 24 3 1325

78850 130 199 38
7 3 8 5 2 4 1 9 6 10
3 88 1
3 10 0 0

63884 126 197 4
6 9 8 1 4 5 7 2 3 10
1 0 0
2 0 0 0

56475 145 187 24
6 7 5 8 4 1 3 2 9 10
4 0 0
8 81 1 0

66840 136 288 11
3 9 8 5 4 2 6 1 7 10
4 0 0
1 270 0 0

100000 10000 175 34
7 2 9 1 8 5 3 6 4 10
1 0 0
10 10000 0 0

73436 120 293 38
7 5 3 1 6 8 9 4 2 10
3 60 1
8 58 1 0

56830 156 265 42
7 9 5 6 2 3 8 4 1 10
3 57 1
4 98 1 0

92349 129 280 36
9 8 6 4 3 2 5 1 7 10
5 1720 4
4 86 1 0

57158 126 154 42
5 8 3 4 7 9 2 1 6 10
1 0 0
5 4 0 0

52410 140 190 30
6 2 4 3 7 8 1 9 5 10
1 0 0
3 10 0 0

66535 119 218 21
1 6 9 5 3 4 2 8 7 10
3 90 1
5 2 0 0

66913 105 227 22
6 3 5 7 4 8 9 1 2 10
2 64 0
4 45 1 0

84429 108 243 15
8 1 5 3 7 9 6 4 2 10
4 0 0
3 10 0 0

81671 147 189 5
3 9 8 1 7 6 4 5 2 10
2 126 0
9 26 2 1722

100000 10000 235 2
6 7 3 8 2 9 1 4 5 10
1 0 0
10 10000 0 0

