10
98828 127 252 23
5 3 1 7 8 6 2 9 4 10
5 1696 5
3 10 0 0

60463 159 196 47
1 5 2 6 9 8 7 4 3 10
5 1692 8
6 26 3 0

84668 131 299 0
7 6 3 1 8 2 4 5 9 10
4 0 0
2 0 0 0

51245 137 271 35
5 8 1 6 7 9 4 3 2 10
3 87 1
7 84 6 3004

73546 192 164 32
2 6 3 5 7 8 4 1 9 10
4 0 0
5 2 0 0

73764 170 275 23
7 3 5 9 2 8 4 1 6 10
4 0 0
4 88 1 0

89886 166 168 48
3 5 7 6 8 4 1 9 2 10
3 3 1
8 64 1 0

70453 176 165 34
2 6 7 9 3 1 5 4 8 10
1 0 0
1 209 0 0

89444 118 224 50
8 2 3 4 7 5 6 9 1 10
5 325 4
1 232 0 0

100000 10000 166 18
3 2 6 8 7 4 9 1 5 10
1 0 0
10 10000 0 0

92998 179 268 25
8 6 5 3 9 7 4 2 1 10
4 0 0
2 0 0 0

96576 149 209 19
1 2 6 9 3 5 7 8 4 10
5 4914 6
7 45 18 1483

70050 125 198 49
6 2 8 1 5 9 7 3 4 10
4 0 0
3 10 0 0

77425 163 276 9
8 3 6 4 9 2 7 1 5 10
2 141 0
6 60 7 0

96043 154 187 33
6 7 8 9 1 4 2 5 3 10
3 14 1
5 2 0 0

69463 197 162 34
8 2 1 3 9 5 4 7 6 10
3 100 1
6 21 3 0

80553 199 188 22
9 6 4 2 8 5 3 7 1 10
3 33 1
2 0 0 0

90173 110 260 48
7 5 4 3 9 1 6 8 2 10
5 2086 7
3 10 0 0

64679 106 233 43
8 7 3 6 2 9 5 4 1 10
3 74 1
6 48 3 0

100000 10000 187 11
6 4 8 3 2 1 5 9 7 10
1 0 0
10 10000 0 0

