10
51804 124 231 34
4 5 7 6 9 8 1 2 3 10
5 3397 9
3 10 0 0
69086 115 249 41
5 9 4 3 6 1 2 8 7 10
4 0 0
8 19 1 0
70651 149 242 30
2 6 4 9 3 8 1 5 7 10
3 89 1
7 19 4 3361
95131 143 261 4
2 4 8 1 9 3 7 5 6 10
4 0 0
3 10 0 0
51705 132 197 45
3 5 2 1 4 9 8 7 6 10
4 0 0
9 82 1 409
86001 198 264 25
9 8 2 4 6 5 7 1 3 10
4 0 0
5 4 0 0
80596 177 253 1
4 2 9 6 5 8 7 1 3 10
1 0 0
2 0 0 0
68340 174 230 7
8 7 4 1 6 2 5 9 3 10
5 4856 8
7 17 18 621
59321 128 223 12
3 4 2 9 5 7 6 8 1 10
2 44 0
6 47 9 0
100000 10000 244 50
3 6 1 4 9 2 5 7 8 10
1 0 0
10 10000 0 0
60324 129 183 48
7 9 5 4 8 6 2 1 3 10
3 20 1
1 245 0 0
71247 165 219 48
1 3 9 5 2 4 8 7 6 10
1 0 0
5 4 0 0
58343 189 238 38
5 3 7 6 2 1 4 9 8 10
1 0 0
1 207 0 0
81099 198 188 49
4 6 2 9 8 7 3 1 5 10
3 84 1
6 81 10 0
54521 135 291 27
3 9 8 7 4 6 1 5 2 10
5 4550 8
3 10 0 0
53583 171 295 14
8 9 2 1 7 5 6 4 3 10
1 0 0
2 0 0 0
99084 160 178 41
7 4 3 6 9 8 1 5 2 10
5 2786 6
9 30 2 1333
97761 182 298 42
8 4 5 1 3 7 9 6 2 10
5 156 4
2 0 0 0
76830 176 290 46
7 8 3 6 5 4 1 9 2 10
1 0 0
1 188 0 0
100000 10000 154 4
6 8 4 9 5 3 7 2 1 10
1 0 0
10 10000 0 0
