10
72015 197 211 19
4 9 2 3 6 5 8 1 7 10
5 99 7
7 86 19 3411
55187 138 157 42
5 3 6 9 4 7 8 1 2 10
1 0 0
1 261 0 0
90509 110 157 44
3 1 8 6 2 4 7 9 5 10
3 68 1
2 0 0 0
79795 161 283 45
2 1 6 4 7 5 8 3 9 10
1 0 0
3 10 0 0
68040 191 226 44
7 9 8 6 4 3 2 5 1 10
5 1075 9
9 49 1 1838
60449 127 250 1
9 5 2 1 7 4 6 8 3 10
5 1157 8
5 1 0 0
90117 135 221 14
9 7 1 2 6 8 3 4 5 10
3 15 1
2 0 0 0
64442 175 155 46
2 3 5 1 7 4 8 9 6 10
2 117 0
1 259 0 0
71994 136 204 48
1 9 6 4 5 3 2 7 8 10
4 0 0
7 77 15 1153
100000 10000 219 1
4 6 3 1 7 5 9 8 2 10
1 0 0
10 10000 0 0
66612 149 197 20
2 5 1 4 6 7 3 9 8 10
5 4132 10
8 70 1 0
72450 114 231 32
3 8 2 5 9 4 6 1 7 10
3 2 1
1 235 0 0
95871 130 152 23
7 2 6 4 9 8 3 5 1 10
3 61 1
8 30 1 0
63779 181 275 46
8 1 4 7 3 6 2 9 5 10
3 47 1
4 35 1 0
83701 173 197 20
3 6 2 5 4 9 8 1 7 10
2 62 0
9 73 3 1910
57397 177 156 6
2 3 7 6 1 9 8 4 5 10
1 0 0
5 4 0 0
58324 129 237 49
3 4 7 5 9 8 1 6 2 10
3 95 1
2 0 0 0
75399 150 169 41
4 1 9 5 6 3 2 8 7 10
5 238 10
9 70 2 351
66452 160 179 22
3 4 7 6 1 2 5 9 8 10
2 113 0
4 97 1 0
100000 10000 296 31
5 2 7 9 4 6 3 8 1 10
1 0 0
10 10000 0 0
