10
87410 168 190 3
8 6 2 3 5 1 7 4 9 10
5 2744 7
5 3 0 0
89032 100 247 7
2 9 8 7 5 6 3 4 1 10
5 64 1
5 4 0 0
58255 187 237 8
1 6 8 4 3 7 5 2 9 10
4 0 0
4 98 1 0
95310 160 175 22
8 5 6 7 2 3 9 1 4 10
2 40 0
3 10 0 0
69187 177 189 14
5 1 9 7 6 8 3 4 2 10
3 98 1
4 9 1 0
61970 107 290 36
7 5 6 2 4 8 1 3 9 10
1 0 0
4 61 1 0
63891 144 262 15
7 6 3 9 5 1 2 8 4 10
5 1058 1
6 70 1 0
59208 180 293 15
5 2 1 7 6 4 8 3 9 10
4 0 0
7 35 10 582
70337 108 265 46
9 1 3 4 2 7 6 5 8 10
3 72 1
3 10 0 0
100000 10000 248 39
9 5 8 2 3 7 1 6 4 10
1 0 0
10 10000 0 0
54366 152 170 32
4 2 1 5 8 3 6 9 7 10
5 1146 1
2 0 0 0
91574 105 236 23
9 3 7 1 2 5 6 8 4 10
4 0 0
9 89 3 845
99478 175 187 34
3 5 2 6 8 7 1 9 4 10
3 71 1
2 0 0 0
68492 111 271 12
8 7 2 1 4 9 3 5 6 10
1 0 0
8 83 1 0
75940 167 274 46
5 9 8 3 6 2 4 7 1 10
1 0 0
5 2 0 0
98545 181 152 15
1 3 4 5 2 8 9 7 6 10
1 0 0
4 100 1 0
99415 126 197 20
5 4 9 1 8 2 6 3 7 10
4 0 0
9 60 1 1311
68498 152 245 20
3 7 4 6 8 1 2 5 9 10
5 3160 9
8 4 1 0
52208 131 189 31
6 4 9 1 7 2 3 5 8 10
5 3291 3
1 203 0 0
100000 10000 171 8
5 7 3 9 4 1 6 8 2 10
1 0 0
10 10000 0 0
