10
57620 167 170 39
4 8 5 6 1 2 9 3 7 10
1 0 0
9 38 1 446

70517 142 182 48
9 1 2 5 3 6 8 4 7 10
2 30 0
5 4 0 0

87468 168 261 22
1 2 5 9 6 3 4 7 8 10
2 133 0
6 86 7 0

56008 187 220 12
3 5 6 7 1 8 9 2 4 10
3 92 1
6 23 9 0

92380 188 157 0
4 7 9 1 2 6 3 5 8 10
1 0 0
8 2 1 0

58959 177 272 42
7 6 1 4 3 2 8 9 5 10
4 0 0
7 59 18 4837

86456 112 249 1
4 8 2 5 9 7 3 1 6 10
4 0 0
3 10 0 0

89015 194 204 5
6 2 3 7 8 1 4 9 5 10
3 90 1
8 48 1 0

69698 125 266 39
1 9 3 7 6 2 4 8 5 10
2 8 0
6 41 4 0

100000 10000 186 12
8 5 2 1 6 7 3 4 9 10
1 0 0
10 10000 0 0

51092 119 204 7
7 4 8 1 5 9 2 6 3 10
1 0 0
1 171 0 0

90225 145 252 36
3 7 9 8 5 6 1 4 2 10
1 0 0
1 266 0 0

55095 134 263 42
3 6 4 8 9 1 2 5 7 10
1 0 0
4 97 1 0

53227 116 164 41
5 2 7 6 9 3 4 8 1 10
1 0 0
1 299 0 0

61169 107 275 6
2 8 5 3 6 9 7 1 4 10
5 4086 2
1 160 0 0

78005 187 188 14
6 2 9 5 8 4 7 1 3 10
5 2494 5
8 47 1 0

89345 167 193 43
4 2 3 6 9 5 7 1 8 10
3 73 1
2 0 0 0

86238 186 163 35
8 3 2 7 4 1 9 5 6 10
1 0 0
2 0 0 0

69368 146 159 24
7 2 1 3 8 5 4 6 9 10
5 4795 9
5 4 0 0

100000 10000 243 5
9 7 4 3 5 2 8 1 6 10
1 0 0
10 10000 0 0

