10
77830 195 300 11
6 1 8 9 7 5 4 3 2 10
3 48 1
2 0 0 0

76713 136 158 32
4 7 5 8 3 1 9 2 6 10
5 349 6
5 1 0 0

98405 106 161 11
1 6 8 2 4 3 7 5 9 10
2 58 0
8 82 1 0

83941 128 264 41
6 1 5 2 8 9 4 7 3 10
4 0 0
1 287 0 0

99086 120 181 47
2 7 6 4 5 9 1 3 8 10
2 143 0
4 74 1 0

84945 154 218 10
4 3 9 7 2 5 1 8 6 10
4 0 0
7 71 9 1671

52214 167 271 48
5 6 3 9 1 8 2 4 7 10
1 0 0
6 45 6 0

71468 150 261 46
4 8 6 5 2 1 3 7 9 10
5 140 5
3 10 0 0

79625 102 249 40
6 8 2 1 7 5 4 9 3 10
3 8 1
9 50 2 850

100000 10000 274 48
3 7 6 8 1 4 5 2 9 10
1 0 0
10 10000 0 0

80585 173 237 7
9 1 6 7 2 8 3 4 5 10
1 0 0
4 65 1 0

97921 192 222 1
4 5 7 8 9 3 6 1 2 10
5 1390 6
8 60 1 0

66626 105 173 23
2 9 8 6 5 1 3 7 4 10
4 0 0
9 20 1 1057

68887 100 215 46
9 5 7 2 3 8 1 4 6 10
5 4308 2
4 67 1 0

68364 142 189 39
2 7 8 9 1 4 5 3 6 10
1 0 0
8 95 1 0

80015 125 284 0
6 5 8 3 9 2 1 4 7 10
3 60 1
2 0 0 0

89795 162 292 33
6 3 8 7 2 4 9 5 1 10
1 0 0
1 259 0 0

95979 103 248 33
3 5 1 8 4 9 7 2 6 10
5 2457 10
1 185 0 0

58250 174 247 43
2 6 8 9 7 1 4 5 3 10
2 6 0
3 10 0 0

100000 10000 150 6
3 5 2 7 1 6 4 9 8 10
1 0 0
10 10000 0 0

