10
78170 127 206 28
2 7 8 4 5 9 3 6 1 10
3 14 1
7 35 13 4892

96103 105 160 37
6 4 5 3 7 1 9 8 2 10
1 0 0
8 65 1 0

61703 187 140 15
9 1 2 7 4 6 8 5 3 10
5 1868 7
9 79 2 1003

67135 127 148 50
2 3 9 7 6 8 1 5 4 10
3 98 1
8 84 1 0

68176 106 203 49
8 9 1 6 3 5 7 4 2 10
5 4769 1
7 100 6 3845

73910 141 190 21
9 7 1 6 4 5 8 2 3 10
4 0 0
6 59 2 0

67684 156 206 28
8 5 7 2 4 1 6 3 9 10
2 119 0
1 149 0 0

71228 169 125 43
1 5 2 4 3 9 8 7 6 10
1 0 0
1 249 0 0

90732 115 141 36
7 6 9 5 2 4 1 8 3 10
2 45 0
1 236 0 0

100000 10000 143 35
2 8 3 6 9 4 7 1 5 10
1 0 0
10 10000 0 0

67703 101 226 32
5 1 8 7 9 4 6 3 2 10
3 70 1
8 18 1 0

67648 118 174 4
7 2 1 6 9 5 3 8 4 10
4 0 0
8 69 1 0

70487 183 138 30
9 5 3 2 1 7 6 4 8 10
2 13 0
4 53 1 0

79741 141 152 17
7 9 6 5 1 3 2 8 4 10
3 83 1
6 66 1 0

91191 123 194 16
3 9 6 5 2 4 7 8 1 10
1 0 0
5 2 0 0

69744 137 191 4
2 3 1 4 6 5 9 7 8 10
2 97 0
6 13 4 0

57173 138 224 40
5 8 2 6 1 3 4 7 9 10
4 0 0
9 51 3 1900

71476 113 162 23
8 7 1 6 2 5 4 3 9 10
1 0 0
1 136 0 0

65744 167 138 47
3 4 9 2 1 6 8 7 5 10
2 60 0
1 209 0 0

100000 10000 232 41
8 5 4 6 7 3 1 9 2 10
1 0 0
10 10000 0 0

