10
60797 142 194 38
6 3 9 8 1 5 7 4 2 10
1 0 0
6 4 4 0

77315 108 211 39
6 9 3 8 7 5 1 2 4 10
4 0 0
9 86 2 1129

67924 195 207 19
6 1 9 2 4 8 7 3 5 10
1 0 0
8 39 1 0

97032 106 160 19
4 3 5 2 6 7 1 9 8 10
3 17 1
2 0 0 0

62216 125 177 37
8 6 7 5 2 3 9 1 4 10
1 0 0
6 24 1 0

76364 192 224 21
6 3 9 2 8 7 5 4 1 10
2 125 0
4 86 1 0

85073 124 176 2
2 5 7 1 4 8 3 9 6 10
2 6 0
6 43 5 0

58365 118 127 27
4 8 9 7 3 5 6 2 1 10
2 104 0
9 74 2 532

60907 139 209 0
8 3 7 5 1 6 9 2 4 10
4 0 0
1 160 0 0

100000 10000 249 7
7 4 2 8 3 9 6 1 5 10
1 0 0
10 10000 0 0

59421 188 136 36
7 1 5 2 6 3 8 4 9 10
4 0 0
3 10 0 0

77812 131 201 30
7 1 3 8 4 5 9 2 6 10
1 0 0
4 53 1 0

98055 199 243 8
7 5 6 9 4 2 1 3 8 10
1 0 0
7 60 2 1857

63346 114 244 38
4 3 6 9 7 2 5 8 1 10
1 0 0
2 0 0 0

81096 200 153 39
3 2 4 5 1 9 7 8 6 10
4 0 0
1 234 0 0

97842 170 221 42
1 5 8 4 9 2 3 6 7 10
4 0 0
2 0 0 0

77651 198 162 24
2 9 1 4 5 7 8 3 6 10
2 86 0
6 41 6 0

59324 144 199 33
2 4 7 1 8 5 3 9 6 10
1 0 0
4 90 1 0

78921 192 149 28
3 9 2 4 5 1 7 8 6 10
4 0 0
5 2 0 0

100000 10000 193 6
1 5 8 9 3 7 6 4 2 10
1 0 0
10 10000 0 0

