10
63774 171 182 23
9 6 3 5 8 2 7 4 1 10
1 0 0
4 56 1 0

85938 192 135 7
9 4 8 1 3 6 7 2 5 10
1 0 0
6 81 3 0

82660 105 175 29
7 4 9 3 2 6 1 8 5 10
2 84 0
9 18 3 1315

87117 177 126 5
7 8 6 1 9 4 5 3 2 10
4 0 0
6 25 7 0

75753 169 194 6
4 6 9 1 8 2 3 5 7 10
5 2872 5
3 10 0 0

62051 138 144 6
3 2 1 8 7 9 6 5 4 10
5 2649 6
7 41 9 1356

75636 186 227 39
8 6 2 4 5 3 7 9 1 10
4 0 0
7 4 7 932

50433 121 212 23
5 7 4 8 3 1 9 6 2 10
3 12 1
5 1 0 0

80112 148 228 0
7 4 1 3 2 6 5 9 8 10
5 4540 10
2 0 0 0

100000 10000 156 13
4 7 9 1 2 8 3 5 6 10
1 0 0
10 10000 0 0

82228 156 248 40
3 6 1 7 9 5 4 2 8 10
5 154 1
6 34 5 0

96490 141 166 29
6 8 3 2 1 5 9 4 7 10
2 68 0
2 0 0 0

87939 117 248 50
9 8 5 7 6 2 1 4 3 10
4 0 0
3 10 0 0

53451 194 204 16
6 7 1 4 2 3 9 5 8 10
2 11 0
4 18 1 0

85596 134 179 37
2 9 7 1 5 6 3 8 4 10
4 0 0
2 0 0 0

99867 153 196 43
1 7 2 6 5 8 9 3 4 10
1 0 0
6 51 1 0

74740 166 242 20
9 7 8 1 5 6 2 4 3 10
5 4574 1
7 48 1 550

57123 181 227 46
2 7 6 5 9 3 8 1 4 10
2 27 0
9 18 1 533

82799 109 192 42
1 9 7 2 8 3 6 5 4 10
1 0 0
3 10 0 0

100000 10000 146 14
2 3 1 7 6 5 4 8 9 10
1 0 0
10 10000 0 0

