10
66751 169 162 33
3 2 1 4 7 8 9 5 6 10
1 0 0
4 77 1 0
94561 191 185 40
2 9 5 8 7 1 3 4 6 10
5 1190 3
6 36 4 0
53698 114 190 35
1 6 9 4 3 2 7 5 8 10
4 0 0
6 50 6 0
52631 176 235 34
5 2 9 3 4 6 8 7 1 10
2 47 0
9 97 3 1893
69431 161 205 37
4 5 6 7 9 8 1 2 3 10
2 103 0
9 84 1 48
70369 122 242 42
3 2 1 8 7 4 9 6 5 10
5 1078 10
7 2 9 3588
65842 104 165 32
6 8 7 9 4 2 3 5 1 10
4 0 0
8 37 1 0
75471 117 202 45
7 6 9 1 4 8 2 3 5 10
2 28 0
7 37 5 816
95883 186 147 23
9 8 3 4 7 1 2 6 5 10
4 0 0
2 0 0 0
100000 10000 183 11
9 6 3 7 8 4 2 5 1 10
1 0 0
10 10000 0 0
65530 187 176 35
8 9 5 6 3 1 7 2 4 10
3 55 1
7 43 7 3990
60843 131 168 29
6 7 5 2 9 3 4 1 8 10
3 66 1
1 237 0 0
50014 191 201 29
3 5 4 6 1 9 8 2 7 10
4 0 0
5 4 0 0
57494 177 212 33
1 2 6 7 3 8 5 9 4 10
3 86 1
3 10 0 0
98000 133 166 27
5 8 7 4 6 9 2 3 1 10
5 4795 8
6 94 5 0
82264 116 157 26
5 9 3 4 1 8 2 7 6 10
3 95 1
5 3 0 0
91865 187 132 7
5 3 7 6 1 2 8 4 9 10
1 0 0
5 3 0 0
98933 130 135 39
2 9 5 4 6 8 7 3 1 10
1 0 0
7 75 6 4218
53012 159 153 7
7 8 5 2 4 3 9 6 1 10
5 898 2
3 10 0 0
100000 10000 235 23
7 9 3 6 4 8 1 2 5 10
1 0 0
10 10000 0 0
