10
65316 139 139 42
9 7 3 4 6 1 2 8 5 10
4 0 0
3 10 0 0

53858 199 244 21
9 1 2 7 8 4 6 5 3 10
2 10 0
1 200 0 0

53881 167 158 30
1 5 2 7 9 8 6 3 4 10
2 6 0
7 96 8 4733

91624 122 221 1
2 3 1 4 6 9 7 5 8 10
4 0 0
7 28 12 1618

74436 170 199 22
7 6 1 4 8 2 3 9 5 10
4 0 0
3 10 0 0

52600 104 207 48
7 3 5 4 8 2 6 1 9 10
4 0 0
1 161 0 0

93449 185 183 30
4 3 6 7 5 1 8 9 2 10
2 20 0
4 7 1 0

91644 134 203 15
2 6 1 9 8 7 4 3 5 10
4 0 0
7 70 16 3351

86543 176 147 26
2 1 3 6 9 5 8 7 4 10
1 0 0
6 81 3 0

100000 10000 165 37
7 4 8 1 2 3 6 9 5 10
1 0 0
10 10000 0 0

63833 191 211 24
1 2 5 8 6 4 9 7 3 10
4 0 0
7 96 7 3052

59664 102 203 22
7 1 9 5 4 3 8 6 2 10
2 7 0
9 20 3 809

80772 114 192 25
3 4 7 2 6 9 8 5 1 10
2 29 0
8 68 1 0

59718 146 188 37
3 9 4 5 1 6 7 2 8 10
4 0 0
9 57 3 382

96786 133 179 24
7 1 5 3 4 2 9 6 8 10
1 0 0
7 68 1 4889

60885 117 202 34
1 8 2 3 4 7 6 9 5 10
3 7 1
3 10 0 0

54500 124 162 10
8 5 9 2 3 4 1 6 7 10
2 68 0
9 41 2 224

85032 114 130 32
7 4 8 2 5 9 6 1 3 10
2 48 0
8 3 1 0

68000 112 170 6
7 6 2 8 5 3 9 4 1 10
2 42 0
9 45 2 837

100000 10000 141 48
3 2 6 1 9 7 5 4 8 10
1 0 0
10 10000 0 0

