10
68293 181 126 27
8 5 6 4 2 1 9 7 3 10
5 2163 8
9 48 2 1887

55441 115 169 6
4 3 2 5 8 6 1 7 9 10
1 0 0
3 10 0 0

85330 161 138 13
4 1 5 2 9 6 8 3 7 10
5 2760 5
7 46 1 4822

77480 128 143 16
3 2 7 9 5 8 1 6 4 10
1 0 0
5 5 0 0

90783 145 153 35
9 7 8 5 3 4 1 6 2 10
5 2267 1
2 0 0 0

88360 111 188 23
9 4 5 3 1 6 7 8 2 10
3 98 1
4 96 1 0

67682 139 192 17
1 8 7 2 6 4 3 9 5 10
4 0 0
2 0 0 0

90302 169 237 35
6 4 8 3 9 5 7 2 1 10
2 55 0
9 30 3 399

50449 182 230 32
8 4 6 2 1 7 3 9 5 10
4 0 0
5 1 0 0

100000 10000 238 43
8 6 1 3 7 2 5 9 4 10
1 0 0
10 10000 0 0

54763 189 129 24
8 7 4 5 9 6 1 2 3 10
2 72 0
3 10 0 0

96120 128 180 16
3 2 8 5 1 6 7 9 4 10
5 4013 5
5 4 0 0

85887 185 186 50
6 7 4 2 3 5 1 9 8 10
5 4513 2
7 88 7 3754

71806 139 170 12
7 8 4 5 6 3 9 2 1 10
5 4389 6
3 10 0 0

67337 118 167 27
4 1 3 8 2 5 9 7 6 10
1 0 0
9 28 2 9

61675 139 241 44
1 2 4 8 9 6 7 3 5 10
5 3831 8
1 126 0 0

70472 186 222 31
3 1 2 4 6 7 5 9 8 10
5 1592 8
9 41 2 438

66607 121 227 0
5 6 7 9 1 2 3 4 8 10
5 494 3
8 58 1 0

77005 156 145 17
2 8 7 3 9 4 6 1 5 10
1 0 0
1 211 0 0

100000 10000 190 23
3 1 7 2 9 5 4 8 6 10
1 0 0
10 10000 0 0

