10
88504 109 233 37
3 2 8 9 5 4 7 1 6 10
2 99 0
5 2 0 0

80968 141 227 7
2 3 1 5 7 8 9 6 4 10
4 0 0
8 59 1 0

65546 154 216 49
5 7 3 6 8 1 4 9 2 10
1 0 0
3 10 0 0

52541 107 133 21
1 8 4 2 5 9 7 6 3 10
4 0 0
1 199 0 0

92207 112 130 29
6 2 9 1 7 3 8 4 5 10
3 73 1
8 46 1 0

80704 124 169 49
7 3 8 1 6 9 4 2 5 10
4 0 0
6 85 6 0

86892 119 135 40
9 6 7 2 4 8 5 3 1 10
1 0 0
4 99 1 0

50722 193 203 43
8 7 6 2 4 1 3 9 5 10
5 3878 9
8 31 1 0

54242 108 178 7
5 2 8 1 7 4 6 9 3 10
1 0 0
1 127 0 0

100000 10000 199 28
4 3 5 9 8 7 1 6 2 10
1 0 0
10 10000 0 0

96716 177 233 34
6 5 7 2 8 4 1 9 3 10
1 0 0
6 66 8 0

59337 136 193 12
5 4 3 7 6 1 8 2 9 10
5 1040 10
9 59 3 1797

91450 128 139 2
8 1 4 7 2 6 3 5 9 10
5 3411 1
1 232 0 0

80211 193 185 43
6 1 2 7 3 5 9 8 4 10
4 0 0
5 1 0 0

93740 184 179 38
5 3 9 2 6 7 1 4 8 10
1 0 0
8 90 1 0

61562 127 185 47
5 6 1 9 2 8 7 3 4 10
2 92 0
3 10 0 0

59590 189 145 40
8 3 5 6 7 4 1 9 2 10
2 34 0
1 194 0 0

52803 150 183 33
6 4 9 2 8 5 3 7 1 10
4 0 0
7 46 15 615

80502 108 222 25
8 3 4 6 9 1 2 7 5 10
1 0 0
9 23 1 520

100000 10000 182 41
9 4 6 2 5 8 7 3 1 10
1 0 0
10 10000 0 0

