10
58713 181 221 47
9 2 5 8 3 7 1 4 6 10
2 106 0
3 10 0 0
91973 100 231 33
5 6 2 3 4 7 9 8 1 10
5 18 8
7 35 16 27
55666 105 233 28
7 8 9 3 2 5 4 6 1 10
2 116 0
5 3 0 0
90029 154 175 39
7 4 3 2 8 9 5 6 1 10
3 28 1
7 34 8 1415
66381 193 158 11
3 9 4 6 5 8 1 2 7 10
2 24 0
7 36 8 4079
67146 139 233 29
6 5 7 3 2 9 8 4 1 10
3 21 1
1 203 0 0
52517 176 243 41
8 4 9 7 5 2 6 1 3 10
3 23 1
1 129 0 0
70274 141 243 12
8 2 1 4 9 3 5 6 7 10
3 82 1
8 80 1 0
78051 104 155 1
4 5 6 8 2 3 7 1 9 10
1 0 0
4 26 1 0
100000 10000 187 26
3 8 7 5 6 2 1 4 9 10
1 0 0
10 10000 0 0
68191 141 215 27
1 8 6 4 2 9 7 3 5 10
1 0 0
8 66 1 0
96267 158 125 9
2 7 5 4 3 9 8 6 1 10
3 7 1
9 29 1 1428
62109 105 164 17
2 7 9 8 6 4 5 3 1 10
5 3700 8
5 2 0 0
92433 145 224 16
8 6 3 5 1 9 2 7 4 10
5 939 7
6 31 2 0
96932 169 199 47
7 9 5 8 2 4 1 6 3 10
2 94 0
5 3 0 0
55244 163 167 33
8 9 3 7 2 1 6 4 5 10
5 723 10
7 36 6 1848
62985 196 168 26
2 1 6 3 8 5 7 4 9 10
5 3092 5
5 4 0 0
63664 106 214 31
7 6 8 3 2 5 1 9 4 10
1 0 0
5 1 0 0
56246 127 152 32
5 7 6 3 9 2 1 4 8 10
2 111 0
4 81 1 0
100000 10000 140 4
4 8 7 5 6 1 2 3 9 10
1 0 0
10 10000 0 0
