10
74108 179 209 19
2 1 5 4 8 3 6 9 7 10
2 42 0
4 84 1 0

59083 155 246 28
9 6 4 5 2 8 3 7 1 10
2 4 0
3 10 0 0

70777 176 207 6
4 6 2 7 9 3 5 8 1 10
2 113 0
8 9 1 0

69713 103 137 33
2 5 9 4 6 3 8 1 7 10
1 0 0
5 3 0 0

60765 172 132 33
9 1 3 6 8 2 7 5 4 10
2 24 0
5 3 0 0

79609 194 199 0
4 3 2 6 1 5 9 8 7 10
1 0 0
2 0 0 0

94392 118 175 16
5 3 9 7 1 4 8 2 6 10
1 0 0
5 2 0 0

62215 100 133 41
4 6 3 9 2 8 1 5 7 10
3 61 1
4 9 1 0

76536 166 243 44
4 8 5 7 9 3 2 6 1 10
5 4135 6
8 9 1 0

100000 10000 243 36
9 8 5 6 7 4 1 3 2 10
1 0 0
10 10000 0 0

77071 125 144 29
1 8 6 3 4 9 7 5 2 10
1 0 0
7 43 3 4829

64558 130 246 21
1 5 6 7 8 9 4 3 2 10
2 123 0
2 0 0 0

71949 118 130 50
1 9 4 7 2 3 5 6 8 10
4 0 0
3 10 0 0

92744 183 167 23
4 9 6 2 1 3 8 5 7 10
3 22 1
5 5 0 0

84382 150 229 27
2 1 8 3 7 4 5 9 6 10
2 111 0
9 69 1 1095

67707 145 146 0
3 1 6 5 4 8 2 7 9 10
5 3858 8
5 2 0 0

92096 150 188 17
9 4 8 3 1 6 7 5 2 10
5 511 6
1 176 0 0

88540 130 158 31
5 1 8 7 9 4 3 6 2 10
1 0 0
9 18 1 1630

72265 105 215 34
9 8 1 4 2 5 3 7 6 10
3 16 1
9 77 3 1361

100000 10000 221 24
3 9 8 5 2 7 4 1 6 10
1 0 0
10 10000 0 0

