10
77085 151 197 4
5 1 2 7 3 9 4 6 8 10
3 14 1
1 129 0 0
73336 137 142 18
7 2 9 1 5 4 8 3 6 10
5 4172 6
2 0 0 0
60425 198 172 42
6 1 7 5 8 9 4 2 3 10
5 1261 7
3 10 0 0
51636 161 210 49
9 1 8 7 6 4 5 2 3 10
2 2 0
7 18 7 806
88076 132 242 1
7 1 6 8 9 4 3 2 5 10
5 3459 7
5 4 0 0
84255 172 163 34
9 4 6 2 3 7 8 5 1 10
2 83 0
7 60 14 4158
54863 157 224 39
7 1 9 6 8 4 5 3 2 10
4 0 0
1 238 0 0
98334 191 250 45
6 1 8 5 3 7 4 9 2 10
1 0 0
2 0 0 0
97613 125 222 35
4 1 2 6 8 7 5 9 3 10
5 4177 10
2 0 0 0
100000 10000 133 17
3 7 1 5 8 4 2 6 9 10
1 0 0
10 10000 0 0
76195 168 146 40
8 6 7 1 3 5 2 4 9 10
4 0 0
9 21 2 108
86607 194 191 23
8 2 4 5 9 6 1 3 7 10
2 97 0
3 10 0 0
60725 149 242 50
8 2 6 7 4 1 5 9 3 10
3 1 1
3 10 0 0
90777 136 226 50
5 9 4 2 6 7 1 3 8 10
4 0 0
4 92 1 0
89821 121 205 37
2 8 4 1 7 9 6 3 5 10
3 23 1
5 4 0 0
66487 190 172 4
9 3 4 2 7 8 1 5 6 10
1 0 0
7 2 13 603
59677 170 142 19
7 6 4 5 2 9 3 8 1 10
2 19 0
1 185 0 0
97702 166 210 25
7 5 4 3 8 1 9 6 2 10
1 0 0
6 75 2 0
55578 189 127 27
7 6 8 2 9 5 3 1 4 10
3 47 1
2 0 0 0
100000 10000 142 5
1 2 9 4 6 3 7 5 8 10
1 0 0
10 10000 0 0
