10
51836 103 128 11
6 7 1 9 8 5 4 2 3 10
2 46 0
9 13 1 1144
46601 113 97 0
9 1 2 8 4 3 6 7 5 10
2 51 0
6 58 1 0
52216 197 86 15
6 1 7 3 9 5 8 4 2 10
3 40 1
4 45 1 0
76526 130 82 0
1 9 8 6 7 4 5 3 2 10
4 0 0
1 114 0 0
64155 187 83 4
4 7 1 9 2 3 6 8 5 10
3 75 1
7 87 2 517
61857 148 108 37
8 5 1 4 9 6 7 3 2 10
2 23 0
6 69 5 0
75802 162 94 0
7 4 5 9 3 6 2 8 1 10
4 0 0
5 5 0 0
65135 152 133 32
7 1 6 4 9 2 5 8 3 10
1 0 0
7 66 3 1550
56448 167 131 38
8 5 4 3 9 1 7 6 2 10
3 44 1
1 131 0 0
100000 10000 150 22
2 4 8 6 9 3 7 5 1 10
1 0 0
10 10000 0 0
40041 136 106 30
6 8 3 2 5 9 7 1 4 10
4 0 0
2 0 0 0
70822 194 97 20
9 3 1 5 4 2 7 8 6 10
5 2670 2
2 0 0 0
77491 188 143 1
9 5 3 8 6 2 1 7 4 10
4 0 0
8 91 1 0
65665 175 142 47
5 1 3 9 2 4 7 8 6 10
3 14 1
7 75 8 3000
63298 110 96 44
9 2 7 3 6 5 4 8 1 10
2 66 0
6 15 3 0
53771 158 94 48
3 6 1 9 2 4 7 5 8 10
1 0 0
5 3 0 0
47753 191 150 16
5 2 4 8 9 6 7 1 3 10
1 0 0
8 68 1 0
58027 193 129 39
2 8 7 1 5 4 6 3 9 10
3 79 1
8 40 1 0
56811 114 115 18
1 4 3 5 6 7 8 9 2 10
4 0 0
9 82 1 1586
100000 10000 150 18
8 6 2 1 4 5 9 3 7 10
1 0 0
10 10000 0 0
