10
50969 132 88 21
3 9 2 5 6 8 4 1 7 10
3 37 1
2 0 0 0

54448 189 110 49
9 1 2 6 5 7 4 3 8 10
1 0 0
6 45 5 0

64944 197 89 2
8 3 1 2 5 4 9 7 6 10
3 7 1
2 0 0 0

60760 197 109 38
8 7 6 1 9 4 5 2 3 10
5 868 10
2 0 0 0

65801 172 127 44
9 6 7 8 5 2 1 3 4 10
4 0 0
9 69 2 1475

69610 156 114 36
8 9 4 6 1 3 2 5 7 10
2 46 0
5 1 0 0

43281 161 112 37
4 2 7 9 5 8 1 3 6 10
3 78 1
2 0 0 0

75998 104 98 6
7 9 4 2 1 3 6 5 8 10
4 0 0
5 4 0 0

58817 173 137 31
9 4 2 7 5 1 3 6 8 10
5 1476 4
2 0 0 0

100000 10000 133 1
4 5 8 1 9 6 2 3 7 10
1 0 0
10 10000 0 0

66543 115 84 31
1 2 8 4 7 9 5 3 6 10
5 206 4
4 50 1 0

52085 134 86 18
5 6 2 7 1 3 4 9 8 10
2 4 0
7 90 1 2943

54693 117 132 31
3 5 6 8 1 7 2 4 9 10
1 0 0
8 90 1 0

70978 183 138 3
6 1 5 9 2 7 3 8 4 10
5 2757 6
8 23 1 0

41507 110 126 2
7 4 1 9 3 8 6 2 5 10
3 80 1
2 0 0 0

79348 187 96 42
8 1 9 3 7 2 5 6 4 10
3 12 1
3 10 0 0

40383 131 106 37
6 3 7 5 9 4 1 8 2 10
4 0 0
4 21 1 0

69973 103 119 11
3 5 4 6 7 9 8 1 2 10
2 52 0
5 5 0 0

49679 113 141 29
7 8 9 3 5 4 2 1 6 10
4 0 0
5 4 0 0

100000 10000 122 14
7 6 4 8 1 5 2 3 9 10
1 0 0
10 10000 0 0

