10
29085 175 73 18
5 6 3 8 9 1 4 7 2 10
2 25 0
7 29 3 1980

48307 141 69 11
7 1 9 3 2 6 5 4 8 10
2 2 0
5 2 0 0

49023 103 77 14
9 7 1 3 6 2 4 8 5 10
5 2382 8
5 1 0 0

49429 105 92 1
7 4 9 8 5 1 2 6 3 10
1 0 0
4 33 1 0

28402 154 91 5
5 2 8 9 7 3 4 1 6 10
4 0 0
3 10 0 0

27632 125 99 10
8 6 5 2 4 7 1 9 3 10
4 0 0
3 10 0 0

27241 167 84 11
3 1 5 9 8 2 6 7 4 10
2 27 0
1 86 0 0

46926 104 82 3
9 8 6 1 2 5 7 4 3 10
5 635 1
4 10 1 0

32104 128 98 18
8 6 7 4 1 3 2 5 9 10
1 0 0
1 83 0 0

100000 10000 65 7
9 6 4 2 7 1 8 3 5 10
1 0 0
10 10000 0 0

31009 172 69 4
7 3 4 9 5 1 6 2 8 10
1 0 0
1 54 0 0

41028 161 80 19
5 1 9 6 4 7 2 8 3 10
5 467 3
8 22 1 0

47010 102 90 10
4 2 7 1 6 8 5 9 3 10
4 0 0
3 10 0 0

33888 147 90 4
8 3 2 6 9 7 4 5 1 10
4 0 0
6 12 2 0

41664 199 59 5
7 4 2 9 8 1 5 6 3 10
5 1283 6
1 53 0 0

48422 171 64 11
5 3 4 2 8 9 1 6 7 10
2 48 0
2 0 0 0

30028 131 74 1
4 2 6 3 9 7 1 8 5 10
3 12 1
6 12 2 0

36616 199 62 4
6 1 2 4 3 8 9 5 7 10
2 30 0
5 1 0 0

35499 135 61 10
4 8 9 1 7 5 3 2 6 10
4 0 0
2 0 0 0

100000 10000 93 7
4 5 3 7 2 8 9 6 1 10
1 0 0
10 10000 0 0

