10
52316 174 112 6
5 4 2 1 3 6 8 9 7 10
4 0 0
2 0 0 0
51696 105 95 28
6 3 7 4 2 8 5 9 1 10
4 0 0
3 10 0 0
62523 109 101 25
6 9 8 1 5 2 7 3 4 10
2 40 0
9 68 2 447
70410 110 133 30
5 2 8 4 9 6 3 7 1 10
3 64 1
7 25 5 1503
52559 197 104 48
5 2 7 3 9 1 4 6 8 10
5 157 5
7 43 10 3582
51525 107 119 12
5 6 4 1 9 3 7 8 2 10
4 0 0
1 129 0 0
46225 117 106 0
4 6 1 3 5 7 8 2 9 10
5 1405 6
6 34 3 0
40616 132 115 26
6 2 3 9 1 4 5 8 7 10
4 0 0
5 1 0 0
53139 148 93 33
5 3 4 1 8 2 9 7 6 10
1 0 0
5 4 0 0
100000 10000 119 43
7 8 4 6 3 1 2 5 9 10
1 0 0
10 10000 0 0
75352 100 85 40
9 5 3 6 7 2 4 1 8 10
2 75 0
3 10 0 0
66973 174 150 14
8 4 3 5 1 9 7 6 2 10
1 0 0
8 32 1 0
62093 161 123 40
5 9 1 2 7 4 8 3 6 10
4 0 0
6 55 2 0
56381 131 149 19
4 7 6 5 2 3 1 9 8 10
1 0 0
2 0 0 0
47670 191 89 20
4 6 7 9 2 1 8 3 5 10
5 1337 2
9 49 2 371
56031 115 139 13
1 5 2 7 9 8 4 3 6 10
3 75 1
6 66 5 0
50569 161 122 31
4 7 2 8 5 9 1 6 3 10
4 0 0
7 7 10 3229
58542 127 77 1
4 7 9 3 5 6 1 8 2 10
3 35 1
3 10 0 0
47600 198 119 25
1 6 9 3 7 8 4 2 5 10
2 46 0
3 10 0 0
100000 10000 144 20
1 2 5 6 4 3 8 9 7 10
1 0 0
10 10000 0 0
