10
60896 101 148 16
8 5 6 1 9 2 7 3 4 10
4 0 0
9 24 2 1281

47135 136 124 3
5 9 7 6 1 4 2 3 8 10
2 7 0
4 76 1 0

40593 200 132 45
7 9 4 5 8 1 2 6 3 10
3 73 1
8 44 1 0

40159 182 131 4
4 3 8 2 1 9 6 7 5 10
3 79 1
4 65 1 0

55020 137 104 4
3 1 7 4 8 2 5 9 6 10
1 0 0
3 10 0 0

50559 108 109 44
6 4 5 9 1 8 2 7 3 10
4 0 0
8 11 1 0

48144 117 132 16
6 1 4 9 8 2 5 3 7 10
2 10 0
2 0 0 0

61224 161 77 30
7 8 5 1 4 3 6 2 9 10
5 3686 9
9 73 3 196

66767 146 79 10
4 1 9 3 7 2 6 8 5 10
4 0 0
4 2 1 0

100000 10000 101 41
6 3 9 2 1 7 4 8 5 10
1 0 0
10 10000 0 0

68629 136 116 2
5 1 4 8 7 3 2 6 9 10
1 0 0
4 97 1 0

57737 114 90 4
6 4 8 2 5 9 7 3 1 10
1 0 0
2 0 0 0

65115 133 135 4
1 7 9 4 2 5 6 3 8 10
1 0 0
9 31 2 544

46961 173 98 35
8 1 3 4 7 9 6 5 2 10
5 435 2
2 0 0 0

59138 175 90 49
8 6 4 2 3 5 9 1 7 10
2 35 0
4 13 1 0

69610 138 82 31
8 6 7 9 2 5 4 1 3 10
2 42 0
9 27 2 25

58547 110 88 34
5 2 9 4 1 3 7 8 6 10
2 52 0
2 0 0 0

51586 176 120 27
2 3 5 7 8 4 6 9 1 10
1 0 0
4 100 1 0

50604 189 141 50
4 7 9 3 2 8 1 6 5 10
4 0 0
6 45 3 0

100000 10000 75 18
6 2 4 8 3 7 5 1 9 10
1 0 0
10 10000 0 0

