10
67263 116 107 1
2 8 9 3 7 5 6 4 1 10
1 0 0
8 47 1 0
67574 127 82 45
2 9 3 1 8 4 6 5 7 10
3 14 1
5 1 0 0
71596 140 96 30
7 5 8 2 4 9 3 6 1 10
3 29 1
2 0 0 0
47784 151 76 13
3 4 5 2 9 7 8 1 6 10
1 0 0
4 3 1 0
64041 140 143 30
9 4 1 3 8 6 2 5 7 10
2 11 0
9 45 1 1569
41131 138 141 48
9 7 8 5 6 4 2 3 1 10
5 1926 9
8 27 1 0
47163 160 86 34
8 7 6 2 5 1 4 9 3 10
1 0 0
6 94 3 0
70972 187 101 3
2 9 8 3 4 7 1 5 6 10
2 24 0
8 77 1 0
69792 146 149 15
9 6 8 5 4 3 1 7 2 10
4 0 0
6 76 2 0
100000 10000 91 13
3 5 9 6 4 1 8 2 7 10
1 0 0
10 10000 0 0
74703 147 80 2
9 6 4 5 8 7 2 1 3 10
3 78 1
5 1 0 0
62318 181 107 7
5 4 2 7 8 1 3 9 6 10
1 0 0
2 0 0 0
46417 157 105 36
2 3 4 8 9 7 1 6 5 10
2 67 0
2 0 0 0
56402 173 83 18
1 3 9 2 7 5 8 4 6 10
3 77 1
5 3 0 0
54462 152 144 3
2 9 4 5 8 6 1 3 7 10
2 21 0
1 76 0 0
67629 162 114 38
5 4 8 2 6 9 1 7 3 10
1 0 0
8 13 1 0
49443 167 110 30
5 9 1 4 7 2 3 6 8 10
1 0 0
8 29 1 0
64968 177 93 2
3 6 9 2 1 4 7 8 5 10
4 0 0
3 10 0 0
65914 149 112 19
6 4 8 3 9 5 2 1 7 10
3 27 1
1 82 0 0
100000 10000 77 23
9 3 4 6 8 7 1 2 5 10
1 0 0
10 10000 0 0
