10
68610 172 132 49
5 6 8 1 7 4 2 3 9 10
1 0 0
7 84 4 3628
41078 116 79 33
5 1 9 3 7 4 8 2 6 10
3 21 1
6 77 2 0
66875 161 78 32
6 7 3 9 8 2 4 5 1 10
3 49 1
1 149 0 0
56280 175 101 38
2 1 4 9 7 6 3 5 8 10
1 0 0
2 0 0 0
71644 116 102 41
4 3 5 1 6 8 2 9 7 10
3 41 1
6 58 1 0
43606 185 90 46
4 7 8 2 1 3 6 5 9 10
4 0 0
5 2 0 0
77140 119 135 6
6 8 2 5 7 1 4 3 9 10
1 0 0
9 41 2 1423
69227 170 106 46
6 1 8 2 7 9 4 3 5 10
5 2591 2
1 132 0 0
73536 196 91 28
9 1 5 2 6 3 7 4 8 10
4 0 0
7 86 2 2836
100000 10000 111 37
2 6 1 7 5 9 8 3 4 10
1 0 0
10 10000 0 0
73543 100 101 15
4 3 5 7 9 1 6 2 8 10
4 0 0
4 28 1 0
66625 161 118 33
1 2 6 7 8 4 9 5 3 10
2 44 0
3 10 0 0
41653 132 135 9
6 9 5 4 2 3 7 1 8 10
5 831 5
9 45 2 1274
52297 135 85 11
4 1 2 5 9 6 7 8 3 10
3 55 1
7 65 3 1459
49275 136 139 4
3 7 9 6 4 5 1 8 2 10
2 65 0
6 13 3 0
47469 124 123 35
2 7 6 3 9 1 4 8 5 10
3 16 1
8 23 1 0
51008 165 97 9
8 5 3 2 6 7 9 1 4 10
4 0 0
9 65 3 1574
49675 115 134 21
3 1 5 2 9 4 8 6 7 10
3 9 1
1 77 0 0
46060 105 97 41
7 9 6 2 4 1 5 3 8 10
2 65 0
8 75 1 0
100000 10000 138 25
9 8 5 7 1 2 3 4 6 10
1 0 0
10 10000 0 0
