10
77190 144 111 34
3 4 7 1 8 2 9 6 5 10
2 16 0
7 43 1 2843

46765 140 115 14
9 5 8 6 3 1 2 7 4 10
2 19 0
3 10 0 0

61707 158 84 19
1 9 8 7 3 2 4 5 6 10
4 0 0
7 28 4 3715

50138 147 129 20
7 6 2 5 1 3 8 9 4 10
4 0 0
5 1 0 0

77739 185 86 24
1 2 9 7 4 6 5 3 8 10
3 65 1
9 94 2 1541

77621 144 81 27
4 7 8 3 9 6 2 5 1 10
2 28 0
4 34 1 0

67695 100 115 12
8 1 6 7 3 4 5 2 9 10
4 0 0
7 60 1 932

56600 181 95 12
3 6 8 1 5 4 7 2 9 10
4 0 0
2 0 0 0

73743 134 141 8
1 9 2 6 5 8 7 4 3 10
1 0 0
1 116 0 0

100000 10000 149 11
8 1 9 6 7 2 4 5 3 10
1 0 0
10 10000 0 0

43075 191 140 13
5 1 2 7 6 8 4 9 3 10
4 0 0
4 6 1 0

77343 167 83 12
7 3 8 6 5 4 2 1 9 10
4 0 0
8 46 1 0

60289 172 130 10
7 3 2 4 5 1 8 6 9 10
5 763 9
8 87 1 0

42835 121 75 22
7 3 1 4 9 2 8 6 5 10
5 1910 7
8 81 1 0

71534 199 115 41
4 2 7 1 5 6 3 8 9 10
5 894 4
7 61 7 1022

51106 130 76 0
9 3 4 1 5 2 7 8 6 10
1 0 0
5 3 0 0

58852 157 134 11
6 7 3 2 4 1 8 5 9 10
5 567 9
4 89 1 0

59610 200 134 28
3 6 1 2 5 9 7 8 4 10
5 3210 2
6 11 2 0

78895 193 120 4
4 3 9 2 6 8 1 7 5 10
4 0 0
6 60 3 0

100000 10000 140 4
3 4 6 7 9 1 5 8 2 10
1 0 0
10 10000 0 0

