10
78537 115 136 45
6 7 1 9 2 8 4 3 5 10
2 28 0
5 4 0 0

40699 150 120 3
1 5 3 7 9 8 4 6 2 10
1 0 0
1 118 0 0

69402 120 86 13
6 3 9 8 4 7 1 2 5 10
1 0 0
3 10 0 0

52672 144 140 30
9 2 3 5 6 7 8 4 1 10
5 3772 7
7 23 6 3658

59458 189 99 29
2 4 6 9 8 1 3 7 5 10
3 75 1
4 31 1 0

53083 122 112 20
7 9 3 6 2 1 5 8 4 10
4 0 0
6 29 3 0

73690 167 128 43
9 7 1 6 5 4 8 3 2 10
1 0 0
3 10 0 0

42839 152 99 30
8 7 3 1 6 5 9 2 4 10
5 3227 8
1 133 0 0

62388 197 90 33
1 3 4 2 5 7 9 8 6 10
5 2059 10
3 10 0 0

100000 10000 90 8
2 4 1 5 9 7 3 8 6 10
1 0 0
10 10000 0 0

53610 125 98 23
1 6 7 3 5 8 9 4 2 10
5 268 1
4 63 1 0

73335 119 87 10
6 4 1 5 9 8 3 2 7 10
3 27 1
8 21 1 0

69321 132 76 45
5 7 3 4 1 9 2 6 8 10
4 0 0
8 2 1 0

56467 136 107 17
5 1 4 7 2 8 6 9 3 10
1 0 0
2 0 0 0

68366 200 89 31
1 4 7 8 9 3 6 5 2 10
4 0 0
7 78 5 435

65347 101 89 38
4 1 7 3 8 6 5 2 9 10
2 67 0
5 4 0 0

67082 112 110 4
4 6 7 8 3 2 5 9 1 10
5 2178 4
4 69 1 0

62492 147 132 18
4 2 7 3 6 9 8 5 1 10
5 3067 2
6 65 4 0

41190 158 108 48
6 2 9 7 4 8 1 5 3 10
3 31 1
1 79 0 0

100000 10000 111 41
5 4 9 7 1 8 6 3 2 10
1 0 0
10 10000 0 0

