10
43097 155 99 41
6 4 1 2 3 9 8 5 7 10
4 0 0
3 10 0 0
47222 124 107 6
9 4 7 3 6 1 5 2 8 10
1 0 0
9 29 2 193
75549 194 133 32
5 2 7 9 6 8 1 4 3 10
1 0 0
8 61 1 0
50092 103 115 3
4 1 9 7 5 2 6 3 8 10
3 58 1
4 42 1 0
61817 164 87 44
3 4 2 1 8 6 5 7 9 10
4 0 0
1 100 0 0
47109 124 97 20
2 8 7 1 4 3 5 6 9 10
4 0 0
6 80 1 0
76740 117 103 20
4 2 9 1 3 5 7 8 6 10
1 0 0
6 40 3 0
60183 199 87 13
3 8 5 7 9 2 1 6 4 10
1 0 0
5 2 0 0
71128 149 90 2
8 5 2 3 1 9 4 6 7 10
2 65 0
8 15 1 0
100000 10000 102 25
8 7 3 9 1 4 5 6 2 10
1 0 0
10 10000 0 0
46734 158 87 8
2 5 1 6 4 8 7 9 3 10
1 0 0
8 96 1 0
60225 173 142 38
2 8 9 1 7 4 6 5 3 10
3 27 1
7 38 7 3479
72266 103 75 18
8 2 9 7 3 1 4 6 5 10
3 69 1
4 75 1 0
56772 145 136 49
5 8 1 3 9 7 2 4 6 10
3 73 1
6 55 1 0
42891 188 147 49
7 4 8 5 1 2 9 3 6 10
1 0 0
8 97 1 0
61880 179 104 45
9 6 2 4 5 3 1 7 8 10
1 0 0
5 1 0 0
55270 183 90 1
4 6 2 9 1 8 5 7 3 10
5 2254 9
8 4 1 0
49493 103 96 41
4 7 5 9 6 3 2 8 1 10
2 14 0
6 41 2 0
46976 122 120 25
8 4 1 6 2 7 3 9 5 10
2 46 0
5 5 0 0
100000 10000 85 15
1 2 4 3 6 5 8 7 9 10
1 0 0
10 10000 0 0
