10
51677 184 134 38
8 5 9 6 7 3 4 1 2 10
1 0 0
3 10 0 0

42044 157 128 22
5 3 4 9 2 6 1 8 7 10
2 28 0
6 55 4 0

76615 137 95 15
7 8 1 5 6 9 4 2 3 10
2 38 0
4 93 1 0

61753 164 90 2
4 7 9 2 8 3 1 5 6 10
3 20 1
6 67 2 0

42861 192 94 19
9 4 5 1 7 2 8 6 3 10
2 6 0
3 10 0 0

65834 196 80 35
6 5 3 7 4 2 9 8 1 10
4 0 0
2 0 0 0

70218 123 94 24
4 5 6 3 9 1 8 7 2 10
1 0 0
8 41 1 0

43660 170 87 49
3 4 9 7 2 8 1 6 5 10
1 0 0
3 10 0 0

78242 184 140 3
9 2 7 3 1 8 5 6 4 10
3 62 1
5 2 0 0

100000 10000 100 40
4 5 8 7 2 9 1 3 6 10
1 0 0
10 10000 0 0

55100 117 126 39
9 5 7 8 6 4 2 3 1 10
5 935 7
2 0 0 0

64045 188 124 37
2 9 7 8 5 4 1 6 3 10
2 70 0
5 1 0 0

60597 153 148 7
8 4 9 7 5 1 3 6 2 10
2 13 0
6 24 1 0

59921 193 138 24
7 4 2 9 6 5 8 3 1 10
3 27 1
6 40 1 0

57708 154 89 30
4 6 9 1 3 7 8 5 2 10
5 3971 9
7 92 10 1763

72346 157 134 50
8 1 3 7 6 9 5 4 2 10
4 0 0
5 3 0 0

78452 188 140 17
8 1 7 9 6 5 3 4 2 10
1 0 0
8 39 1 0

40104 195 126 50
6 4 1 7 8 9 5 2 3 10
2 2 0
7 24 6 2098

45078 108 112 7
9 2 4 7 6 3 5 8 1 10
5 3571 8
6 37 1 0

100000 10000 113 8
6 2 4 9 8 3 1 5 7 10
1 0 0
10 10000 0 0

