10
77722 131 86 49
4 5 8 3 6 2 1 7 9 10
1 0 0
5 2 0 0
75931 137 67 4
2 3 5 8 1 9 4 7 6 10
2 6 0
5 5 0 0
58750 198 65 7
3 2 1 9 5 6 4 8 7 10
4 0 0
9 13 1 847
55286 176 77 23
5 4 7 3 8 2 6 9 1 10
2 47 0
8 87 1 0
61827 183 111 2
1 5 6 2 7 3 9 4 8 10
3 45 1
4 76 1 0
44787 174 118 36
4 7 8 1 5 2 9 3 6 10
3 19 1
6 24 2 0
78806 129 60 15
3 6 1 7 5 9 4 8 2 10
1 0 0
6 61 1 0
62870 160 78 16
4 2 5 7 3 8 9 6 1 10
1 0 0
2 0 0 0
68697 195 106 32
1 6 5 2 7 4 3 9 8 10
5 2916 9
1 60 0 0
100000 10000 85 43
5 2 7 1 8 6 4 3 9 10
1 0 0
10 10000 0 0
45859 178 78 24
8 4 9 7 2 6 3 1 5 10
1 0 0
4 68 1 0
63911 113 109 0
7 6 5 3 1 4 8 2 9 10
3 22 1
8 81 1 0
50432 190 75 46
9 2 3 4 8 7 6 1 5 10
4 0 0
8 18 1 0
45486 171 84 20
9 1 4 2 6 3 7 8 5 10
2 50 0
8 40 1 0
75952 121 98 6
8 3 4 9 5 7 6 2 1 10
4 0 0
1 69 0 0
41070 132 61 20
4 9 1 5 8 2 3 6 7 10
5 3810 7
5 1 0 0
59107 194 98 34
7 6 1 5 8 4 9 3 2 10
1 0 0
3 10 0 0
57563 179 80 8
5 3 8 2 4 1 9 6 7 10
3 25 1
5 2 0 0
60639 176 67 32
5 7 1 6 2 3 9 4 8 10
1 0 0
8 98 1 0
100000 10000 88 47
3 4 2 1 5 8 9 7 6 10
1 0 0
10 10000 0 0
