10
79069 173 119 9
7 6 1 3 8 5 9 2 4 10
1 0 0
3 10 0 0
54937 112 118 38
5 2 7 6 4 9 8 1 3 10
5 2383 6
4 1 1 0
73710 169 100 26
7 2 5 8 3 1 9 4 6 10
3 11 1
5 2 0 0
65979 137 64 33
4 1 6 7 8 3 2 9 5 10
4 0 0
7 97 5 204
62577 135 85 2
8 7 2 9 3 6 5 1 4 10
4 0 0
8 66 1 0
49197 197 99 42
8 5 1 2 6 4 9 7 3 10
5 634 6
5 3 0 0
52293 175 62 12
8 6 4 5 7 2 9 1 3 10
4 0 0
7 52 4 3622
50447 171 66 31
5 9 2 1 7 6 4 8 3 10
3 30 1
1 99 0 0
49370 139 107 37
2 7 1 5 4 9 6 3 8 10
5 3389 2
5 4 0 0
100000 10000 81 18
5 8 9 3 2 1 7 6 4 10
1 0 0
10 10000 0 0
43051 198 115 13
4 8 1 5 3 9 6 7 2 10
5 355 1
9 72 3 881
45589 121 68 45
8 6 7 3 1 4 9 5 2 10
5 2119 1
8 24 1 0
75257 132 116 47
7 3 6 2 4 1 8 5 9 10
3 63 1
9 38 2 1157
70134 139 61 26
4 2 3 8 9 7 5 6 1 10
2 48 0
8 62 1 0
55822 140 90 17
9 4 3 8 7 2 6 1 5 10
2 50 0
9 12 2 948
64370 195 65 28
5 4 7 2 9 1 8 6 3 10
2 36 0
6 90 1 0
65160 126 119 23
7 9 5 2 1 6 8 3 4 10
3 4 1
4 41 1 0
56730 117 88 4
8 2 3 9 6 7 1 4 5 10
4 0 0
4 11 1 0
76795 173 72 43
2 1 8 6 4 9 5 7 3 10
5 3 4
7 52 1 1493
100000 10000 88 0
5 3 4 1 8 6 9 2 7 10
1 0 0
10 10000 0 0
