10
25542 146 81 13
2 9 1 6 8 5 3 4 7 10
3 8 1
5 2 0 0
49401 134 98 10
2 8 5 4 1 9 6 7 3 10
5 1570 4
1 59 0 0
25650 179 50 20
7 6 2 3 8 4 1 5 9 10
1 0 0
5 2 0 0
44397 185 51 18
6 4 7 8 5 2 1 3 9 10
2 27 0
4 19 1 0
32070 119 61 12
8 3 5 9 2 6 7 1 4 10
3 33 1
1 64 0 0
30439 198 67 3
9 8 1 3 2 5 6 7 4 10
3 14 1
3 10 0 0
35067 136 63 3
9 4 3 6 8 1 7 2 5 10
2 16 0
1 93 0 0
28637 120 52 11
4 3 8 1 2 6 9 5 7 10
2 11 0
1 84 0 0
32407 132 95 9
5 3 2 8 4 6 9 7 1 10
5 2446 2
5 1 0 0
100000 10000 86 0
9 2 5 8 6 4 7 1 3 10
1 0 0
10 10000 0 0
43052 174 75 12
4 9 3 1 2 6 8 5 7 10
5 1938 9
2 0 0 0
44434 151 87 10
5 2 3 1 6 8 7 9 4 10
4 0 0
1 76 0 0
45457 176 92 10
7 8 4 6 2 9 3 5 1 10
5 209 3
3 10 0 0
49140 185 83 9
2 5 3 1 8 4 9 6 7 10
3 48 1
9 9 1 147
40972 124 63 14
3 4 9 1 6 2 8 5 7 10
2 4 0
8 8 1 0
37559 134 62 7
3 2 5 4 9 8 1 6 7 10
4 0 0
4 12 1 0
49171 104 97 20
6 1 3 4 8 2 7 5 9 10
4 0 0
6 17 2 0
26631 106 83 7
9 5 3 7 4 8 6 1 2 10
5 567 6
3 10 0 0
35316 190 64 14
9 5 4 3 8 1 7 6 2 10
1 0 0
5 1 0 0
100000 10000 87 8
6 8 9 2 5 7 1 4 3 10
1 0 0
10 10000 0 0
