10
40415 101 81 45
4 3 6 9 5 8 7 2 1 10
3 64 1
2 0 0 0
46518 175 78 50
7 8 1 6 2 9 5 3 4 10
1 0 0
9 91 3 27
66969 105 61 8
8 9 3 5 7 6 4 1 2 10
5 1252 10
6 14 1 0
78701 169 71 25
6 5 2 1 9 7 3 8 4 10
2 44 0
9 19 3 1167
62780 122 69 9
6 3 5 1 8 2 7 4 9 10
4 0 0
7 12 1 1708
47903 194 115 21
4 6 8 5 3 9 7 2 1 10
1 0 0
9 88 2 898
48505 118 79 28
9 5 6 4 2 1 8 7 3 10
5 93 8
7 96 2 925
62227 196 109 35
1 5 3 6 9 4 7 8 2 10
4 0 0
4 36 1 0
62430 103 109 17
5 7 4 2 9 3 1 6 8 10
3 29 1
5 5 0 0
100000 10000 93 25
5 7 8 4 2 6 1 3 9 10
1 0 0
10 10000 0 0
72431 117 105 17
5 2 6 8 3 1 9 4 7 10
1 0 0
9 36 1 1587
65457 164 77 0
4 9 8 6 1 3 7 5 2 10
2 52 0
3 10 0 0
76702 122 92 36
5 9 4 8 3 7 6 2 1 10
4 0 0
9 9 3 1481
54560 175 66 26
4 6 3 8 7 5 1 9 2 10
4 0 0
7 40 7 1355
55359 118 66 46
4 2 6 9 7 3 5 1 8 10
2 49 0
2 0 0 0
78456 100 83 13
3 4 7 1 8 2 5 9 6 10
3 47 1
9 65 2 571
69938 116 76 15
3 8 9 6 7 1 4 2 5 10
5 940 3
2 0 0 0
55444 165 103 15
3 5 9 6 2 8 1 7 4 10
3 73 1
5 3 0 0
73646 138 106 28
3 8 6 7 4 1 2 9 5 10
4 0 0
6 27 3 0
100000 10000 80 40
3 7 1 2 8 4 6 5 9 10
1 0 0
10 10000 0 0
