10
46781 115 113 4
6 9 3 1 4 7 8 5 2 10
4 0 0
1 85 0 0

69244 190 75 22
8 2 4 1 3 5 7 9 6 10
1 0 0
4 85 1 0

51907 156 64 44
3 1 4 5 7 9 8 2 6 10
3 44 1
3 10 0 0

79701 151 120 11
6 2 9 7 1 8 5 4 3 10
3 38 1
2 0 0 0

40632 192 66 14
1 2 8 7 5 9 4 3 6 10
2 24 0
1 64 0 0

61497 168 107 44
5 6 9 3 4 2 7 8 1 10
5 3457 8
1 118 0 0

48490 192 117 31
4 6 5 8 1 9 3 2 7 10
3 29 1
8 92 1 0

79843 188 92 2
9 5 3 1 7 6 8 2 4 10
2 49 0
5 1 0 0

64312 177 69 42
6 3 4 7 9 8 1 2 5 10
5 2537 9
5 4 0 0

100000 10000 116 1
5 2 8 9 1 3 6 7 4 10
1 0 0
10 10000 0 0

64193 151 71 36
6 1 4 8 5 2 7 9 3 10
1 0 0
3 10 0 0

41383 143 79 0
8 9 5 7 6 2 1 4 3 10
4 0 0
8 87 1 0

61396 175 85 28
8 2 6 4 1 9 5 7 3 10
2 45 0
3 10 0 0

51879 131 85 48
6 7 8 9 1 5 2 4 3 10
1 0 0
9 16 2 439

50879 134 70 22
8 7 1 9 2 5 3 4 6 10
2 23 0
2 0 0 0

55835 174 106 41
2 1 7 6 5 9 8 4 3 10
4 0 0
1 81 0 0

79456 116 73 19
7 6 2 5 1 4 9 8 3 10
4 0 0
8 96 1 0

61355 156 118 18
1 9 7 6 4 3 2 5 8 10
5 3322 7
9 77 1 857

42290 121 96 30
8 6 3 4 1 5 7 9 2 10
2 53 0
8 89 1 0

100000 10000 67 32
6 5 1 3 2 8 4 9 7 10
1 0 0
10 10000 0 0

