10
55362 171 85 27
8 6 2 5 7 1 3 9 4 10
5 91 4
6 77 4 0
73700 122 66 45
3 9 7 5 4 2 1 6 8 10
5 74 6
8 27 1 0
51762 150 100 47
9 5 7 1 8 4 3 2 6 10
3 15 1
7 88 5 91
57115 132 79 32
8 6 1 3 5 2 9 7 4 10
2 56 0
5 1 0 0
70154 136 81 21
4 8 6 9 3 1 2 7 5 10
2 59 0
6 60 3 0
47605 191 71 14
4 2 6 1 7 8 5 3 9 10
3 18 1
4 94 1 0
66639 171 86 44
4 3 9 7 2 6 8 1 5 10
3 15 1
2 0 0 0
74086 132 94 39
2 1 3 5 8 7 4 9 6 10
1 0 0
3 10 0 0
70254 159 107 10
7 8 4 3 5 2 1 6 9 10
5 2507 1
5 2 0 0
100000 10000 65 19
1 5 6 8 7 9 2 4 3 10
1 0 0
10 10000 0 0
52752 112 114 9
1 7 2 8 9 5 3 6 4 10
4 0 0
7 30 4 2829
48005 163 68 36
3 8 7 9 6 1 2 5 4 10
4 0 0
4 54 1 0
75731 147 109 29
2 9 4 8 6 1 7 5 3 10
3 20 1
8 89 1 0
43726 185 70 46
5 4 1 8 9 3 7 2 6 10
5 2163 3
2 0 0 0
53044 113 109 45
6 4 7 1 2 3 8 9 5 10
4 0 0
9 80 1 329
72989 138 97 33
4 2 7 1 9 3 8 6 5 10
3 61 1
1 112 0 0
52166 200 114 2
7 4 2 6 8 5 3 9 1 10
2 2 0
8 32 1 0
55735 156 110 21
8 1 4 5 7 2 3 6 9 10
5 3781 6
9 38 1 966
65337 155 67 38
5 2 3 6 8 1 4 9 7 10
3 42 1
1 90 0 0
100000 10000 72 25
6 5 3 8 1 4 2 7 9 10
1 0 0
10 10000 0 0
