10
54903 141 108 48
9 8 5 2 3 1 6 7 4 10
2 32 0
9 80 3 711
57895 199 88 0
3 8 6 4 7 9 1 5 2 10
5 1024 9
7 10 2 1954
55317 192 69 23
9 2 1 6 8 5 7 4 3 10
2 29 0
8 84 1 0
64136 192 103 26
4 9 3 6 5 2 1 8 7 10
1 0 0
1 117 0 0
57414 118 96 37
8 2 1 6 4 9 3 7 5 10
5 1474 4
8 99 1 0
41626 184 91 48
6 7 3 5 9 1 2 8 4 10
5 2585 6
5 5 0 0
49454 168 119 2
2 8 7 3 9 4 6 5 1 10
2 42 0
3 10 0 0
45079 130 78 39
7 1 4 6 2 9 8 3 5 10
1 0 0
8 37 1 0
78069 116 69 39
4 1 8 9 2 6 3 5 7 10
4 0 0
3 10 0 0
100000 10000 91 23
3 8 2 5 1 7 9 6 4 10
1 0 0
10 10000 0 0
50593 131 97 9
3 4 8 7 2 9 1 5 6 10
3 6 1
6 54 4 0
42044 151 114 20
9 3 2 4 5 7 6 1 8 10
5 2367 3
9 37 1 1315
45792 135 94 43
4 8 1 9 6 7 5 3 2 10
2 19 0
8 43 1 0
50053 153 85 33
8 5 6 7 1 9 2 3 4 10
3 7 1
9 82 1 562
41505 134 81 22
9 1 8 4 3 5 2 7 6 10
2 9 0
9 64 1 1564
58564 170 120 35
2 9 7 1 8 5 3 6 4 10
5 1138 10
7 11 8 235
79324 168 114 25
7 5 8 1 9 4 2 6 3 10
5 441 2
6 32 2 0
67805 186 79 0
4 8 2 9 6 3 5 7 1 10
2 15 0
9 70 3 721
72888 105 120 18
2 7 4 1 6 9 3 5 8 10
5 100 6
2 0 0 0
100000 10000 72 27
6 7 1 9 5 3 4 2 8 10
1 0 0
10 10000 0 0
