10
54036 139 80 7
7 1 8 2 6 4 5 9 3 10
4 0 0
7 87 8 1991
46601 199 86 31
7 1 8 2 9 4 5 3 6 10
1 0 0
1 65 0 0
53190 142 60 11
3 8 2 5 9 7 1 6 4 10
2 20 0
6 70 3 0
77146 162 113 2
5 9 7 6 1 4 3 2 8 10
1 0 0
5 2 0 0
64264 168 79 20
4 3 7 8 6 1 9 2 5 10
3 34 1
2 0 0 0
55066 142 64 13
7 6 5 1 4 8 9 3 2 10
2 20 0
8 7 1 0
77449 167 66 13
6 2 8 1 4 7 5 3 9 10
3 65 1
3 10 0 0
64293 178 116 42
4 6 2 7 3 5 9 8 1 10
5 1698 8
6 69 2 0
68147 161 102 10
9 2 1 3 8 6 4 7 5 10
5 1190 6
6 81 4 0
100000 10000 76 34
7 3 1 5 2 8 9 4 6 10
1 0 0
10 10000 0 0
79381 112 102 8
1 3 6 2 9 4 5 8 7 10
5 1787 10
6 67 1 0
47854 156 87 4
5 4 7 6 3 8 2 9 1 10
1 0 0
3 10 0 0
49509 155 95 0
2 1 4 5 6 9 3 7 8 10
1 0 0
1 99 0 0
70673 195 86 31
6 3 8 7 4 9 5 1 2 10
3 47 1
7 88 8 2383
41621 126 89 4
5 6 7 2 4 9 3 8 1 10
1 0 0
2 0 0 0
46400 150 115 37
2 9 6 1 4 7 5 3 8 10
3 1 1
2 0 0 0
49367 118 93 15
7 1 6 9 8 4 2 5 3 10
1 0 0
9 55 2 1218
60967 104 70 39
4 9 7 2 6 5 3 8 1 10
1 0 0
5 3 0 0
76824 107 95 9
1 5 6 8 9 4 7 2 3 10
3 13 1
6 41 2 0
100000 10000 104 38
7 1 5 3 4 9 6 2 8 10
1 0 0
10 10000 0 0
