10
41973 181 70 0
3 8 7 6 4 9 5 1 2 10
1 0 0
3 10 0 0

79052 200 82 19
2 4 3 8 5 6 7 9 1 10
3 46 1
7 45 1 2951

40094 140 73 10
4 6 9 5 2 7 3 8 1 10
3 40 1
9 52 3 750

61621 103 77 38
4 8 5 1 7 6 9 2 3 10
5 2132 5
4 48 1 0

61164 156 63 22
9 1 5 8 7 4 3 6 2 10
5 2754 3
3 10 0 0

60820 185 100 48
6 2 4 9 7 3 1 8 5 10
2 51 0
7 56 1 3916

73707 183 69 12
5 1 8 3 4 7 9 2 6 10
4 0 0
2 0 0 0

77644 164 100 37
9 7 2 3 6 1 5 4 8 10
2 28 0
6 78 4 0

68235 179 81 43
6 1 9 8 7 3 4 2 5 10
3 31 1
4 48 1 0

100000 10000 98 19
8 5 6 1 3 2 7 4 9 10
1 0 0
10 10000 0 0

63241 185 104 7
2 5 6 9 8 3 1 7 4 10
5 2309 3
2 0 0 0

46560 199 79 9
5 3 1 7 6 8 2 9 4 10
1 0 0
2 0 0 0

65352 134 83 19
1 3 9 2 5 8 7 4 6 10
3 41 1
5 5 0 0

45172 149 118 19
2 7 4 5 6 1 9 8 3 10
2 29 0
8 39 1 0

45712 186 72 23
1 8 5 2 7 4 3 9 6 10
1 0 0
2 0 0 0

44057 172 117 45
6 8 5 9 7 1 2 4 3 10
5 1971 7
4 25 1 0

64984 130 99 14
3 7 4 2 6 8 1 5 9 10
2 6 0
7 26 4 65

58466 124 77 5
8 5 6 9 1 7 3 4 2 10
1 0 0
7 70 8 1255

63744 200 72 28
5 9 4 3 1 6 7 8 2 10
2 43 0
7 51 2 295

100000 10000 64 14
3 4 5 1 2 7 6 8 9 10
1 0 0
10 10000 0 0

