10
50554 135 102 49
6 3 9 8 1 2 4 5 7 10
1 0 0
4 93 1 0

41509 111 113 1
9 2 1 4 5 3 8 6 7 10
3 41 1
5 3 0 0

49023 178 106 37
8 9 7 3 1 5 2 6 4 10
1 0 0
5 2 0 0

40620 105 96 31
9 6 1 8 3 7 2 4 5 10
2 18 0
1 94 0 0

42913 192 101 39
2 6 7 4 9 3 8 5 1 10
1 0 0
4 86 1 0

71433 165 117 15
6 2 5 7 9 3 1 8 4 10
3 76 1
2 0 0 0

78464 114 116 41
6 5 8 9 2 4 7 3 1 10
1 0 0
2 0 0 0

68463 154 66 4
2 8 6 1 5 9 4 3 7 10
4 0 0
2 0 0 0

56617 157 73 4
4 1 5 6 3 9 8 2 7 10
2 45 0
3 10 0 0

100000 10000 67 37
7 3 5 8 6 2 4 1 9 10
1 0 0
10 10000 0 0

70945 109 77 41
9 2 8 7 6 4 5 3 1 10
5 2452 3
9 57 1 1389

52696 143 83 20
5 2 1 9 6 4 3 8 7 10
1 0 0
8 40 1 0

69168 160 62 6
1 6 4 3 5 8 7 9 2 10
1 0 0
2 0 0 0

60658 143 71 8
6 2 9 5 1 7 8 3 4 10
5 2441 5
2 0 0 0

41718 183 116 21
3 5 8 7 2 1 4 6 9 10
2 18 0
1 104 0 0

57553 172 112 40
3 2 9 8 7 1 6 4 5 10
1 0 0
8 82 1 0

74504 179 117 17
7 8 6 9 5 4 3 2 1 10
5 2793 2
4 1 1 0

44810 141 86 45
1 4 7 2 5 9 8 3 6 10
3 56 1
8 52 1 0

73484 133 101 44
9 1 6 8 7 5 3 4 2 10
2 23 0
7 15 1 2325

100000 10000 115 49
4 5 7 8 2 1 6 9 3 10
1 0 0
10 10000 0 0

