10
51901 107 64 8
9 3 4 1 8 2 5 6 7 10
2 58 0
3 10 0 0

78307 193 70 42
3 6 5 2 8 1 7 9 4 10
2 28 0
4 34 1 0

56301 179 109 22
5 7 6 2 1 8 3 9 4 10
1 0 0
6 15 4 0

72665 132 70 36
7 6 3 2 9 8 4 1 5 10
4 0 0
6 76 3 0

68253 110 80 49
8 3 1 2 5 9 4 7 6 10
2 30 0
7 77 7 3120

79001 164 93 43
2 9 3 4 8 1 7 6 5 10
3 24 1
4 81 1 0

55379 136 113 39
8 9 6 5 4 2 1 7 3 10
5 2445 1
2 0 0 0

58830 194 95 6
6 2 1 3 8 7 9 4 5 10
2 32 0
9 9 2 1490

74328 166 96 31
9 7 1 4 2 3 8 6 5 10
2 18 0
8 100 1 0

100000 10000 107 38
9 3 8 1 6 4 7 5 2 10
1 0 0
10 10000 0 0

43759 155 68 9
5 9 6 7 8 4 2 3 1 10
3 17 1
3 10 0 0

78837 189 65 3
1 5 6 2 7 3 4 9 8 10
5 1989 2
5 4 0 0

57382 154 104 42
5 9 8 4 2 6 1 7 3 10
1 0 0
2 0 0 0

68221 122 62 50
8 4 2 9 3 1 7 5 6 10
2 39 0
2 0 0 0

52253 105 72 6
3 9 6 5 4 7 1 2 8 10
4 0 0
3 10 0 0

48426 131 94 28
5 2 4 7 6 8 9 1 3 10
3 28 1
7 98 6 3308

49483 193 74 41
2 4 3 6 7 8 9 5 1 10
2 17 0
6 48 2 0

52756 107 71 6
1 5 2 4 9 3 6 8 7 10
5 2138 9
4 43 1 0

41668 182 92 18
3 1 7 4 6 9 5 2 8 10
3 56 1
9 60 1 656

100000 10000 69 37
6 7 8 1 2 4 9 5 3 10
1 0 0
10 10000 0 0

