10
58267 179 96 44
7 5 4 2 3 8 9 6 1 10
2 2 0
4 79 1 0

70058 138 99 7
7 4 9 2 1 8 3 6 5 10
4 0 0
7 68 6 1045

58458 172 66 30
4 9 7 1 3 5 2 8 6 10
4 0 0
4 96 1 0

55400 166 101 21
8 9 5 3 6 4 1 7 2 10
1 0 0
2 0 0 0

55806 159 69 21
8 2 7 9 3 1 6 5 4 10
3 14 1
2 0 0 0

49075 151 66 27
6 4 9 2 3 8 7 5 1 10
1 0 0
7 43 3 3383

62418 196 62 18
9 7 1 3 4 6 8 5 2 10
1 0 0
1 85 0 0

65331 170 108 9
4 1 9 2 3 7 5 6 8 10
3 45 1
3 10 0 0

63386 118 63 50
3 1 8 6 9 4 5 2 7 10
4 0 0
3 10 0 0

100000 10000 116 39
3 8 7 9 5 2 1 4 6 10
1 0 0
10 10000 0 0

49839 122 103 29
2 4 3 8 5 6 9 1 7 10
5 3968 1
1 105 0 0

54049 118 74 40
8 6 1 5 9 3 4 7 2 10
3 39 1
1 99 0 0

60260 151 77 40
8 1 9 7 3 6 2 4 5 10
4 0 0
9 19 1 1459

55329 132 75 19
1 8 9 4 7 6 5 2 3 10
5 3393 6
2 0 0 0

72512 154 98 9
3 6 4 8 9 5 7 2 1 10
3 76 1
5 4 0 0

64701 184 74 27
3 2 8 7 5 9 1 6 4 10
1 0 0
5 4 0 0

70041 147 111 1
2 1 6 3 4 8 5 9 7 10
1 0 0
4 15 1 0

75299 181 61 16
3 2 1 4 7 9 5 8 6 10
5 2559 4
3 10 0 0

41835 141 74 3
3 2 4 1 5 7 8 9 6 10
2 22 0
5 4 0 0

100000 10000 78 5
2 4 1 6 5 8 7 3 9 10
1 0 0
10 10000 0 0

