10
59614 178 119 28
3 2 6 9 5 7 4 8 1 10
2 51 0
2 0 0 0
52545 160 74 11
7 6 9 1 2 5 8 4 3 10
4 0 0
2 0 0 0
47462 189 94 28
8 2 7 1 5 4 9 6 3 10
3 3 1
1 105 0 0
68640 190 83 13
3 7 8 2 1 6 4 9 5 10
5 1699 7
7 47 4 3402
40224 168 110 26
4 8 7 2 9 6 3 5 1 10
4 0 0
1 100 0 0
55387 130 77 46
8 7 5 3 9 4 6 1 2 10
1 0 0
8 33 1 0
41941 111 97 10
2 4 5 3 7 9 1 6 8 10
4 0 0
5 2 0 0
41914 156 102 43
1 8 6 7 9 2 4 3 5 10
4 0 0
9 92 3 216
66903 130 77 45
1 9 3 4 5 8 2 6 7 10
5 3063 5
8 37 1 0
100000 10000 85 35
6 4 2 3 9 8 7 5 1 10
1 0 0
10 10000 0 0
61847 141 79 31
4 2 7 5 9 8 6 3 1 10
5 1901 1
3 10 0 0
40362 190 118 19
2 9 1 6 4 7 5 8 3 10
4 0 0
2 0 0 0
53293 189 76 10
7 6 1 2 5 4 9 8 3 10
4 0 0
9 75 2 8
51981 103 69 28
2 6 5 9 3 8 7 4 1 10
5 3044 1
8 56 1 0
45336 148 79 28
8 1 4 3 9 6 5 2 7 10
5 3464 3
4 65 1 0
42431 200 62 23
9 1 3 2 4 8 6 5 7 10
4 0 0
9 14 2 702
57031 185 60 34
8 9 4 2 5 7 3 6 1 10
5 1970 10
5 4 0 0
57046 165 104 5
8 2 7 4 9 3 5 1 6 10
2 4 0
6 71 2 0
61002 104 62 41
7 3 2 8 1 5 4 9 6 10
1 0 0
1 73 0 0
100000 10000 81 15
9 1 6 2 4 3 7 8 5 10
1 0 0
10 10000 0 0
