10
30890 144 76 16
6 7 1 5 4 8 3 9 2 10
3 10 1
1 91 0 0
35064 190 66 18
9 3 6 7 4 8 2 1 5 10
4 0 0
7 13 1 1347
26153 155 99 13
7 3 1 6 4 9 8 2 5 10
2 4 0
6 41 1 0
49803 145 76 16
8 7 6 9 3 2 4 1 5 10
5 2181 10
8 31 1 0
41607 171 66 6
1 5 4 2 6 8 7 3 9 10
5 1335 8
6 33 1 0
40215 149 67 0
5 9 2 6 1 3 7 8 4 10
4 0 0
7 49 1 646
34203 147 77 15
6 3 9 7 4 5 8 1 2 10
2 27 0
4 40 1 0
42301 195 82 20
9 3 7 1 8 5 6 2 4 10
5 1481 9
6 32 2 0
32463 166 51 8
6 2 3 7 8 9 1 4 5 10
5 615 8
5 2 0 0
100000 10000 58 19
3 4 6 9 7 5 1 2 8 10
1 0 0
10 10000 0 0
32852 131 91 1
8 9 1 3 6 4 5 7 2 10
2 43 0
3 10 0 0
25072 124 58 10
1 4 8 2 3 5 6 9 7 10
5 1550 6
1 52 0 0
32376 145 94 17
4 6 9 8 5 2 3 1 7 10
4 0 0
7 31 5 469
35898 129 54 15
3 9 2 7 6 4 1 8 5 10
1 0 0
2 0 0 0
40844 121 51 7
3 4 9 8 5 7 2 6 1 10
2 3 0
4 30 1 0
29832 139 89 15
2 6 9 3 7 5 1 8 4 10
3 36 1
1 97 0 0
33273 133 60 20
2 6 9 8 4 5 1 7 3 10
4 0 0
8 39 1 0
25845 179 70 17
7 9 8 6 3 1 4 5 2 10
2 42 0
6 3 1 0
44145 152 53 2
5 3 8 9 1 4 6 2 7 10
1 0 0
5 1 0 0
100000 10000 54 14
8 9 1 3 2 4 6 7 5 10
1 0 0
10 10000 0 0
