10
60961 148 90 13
8 9 4 1 7 5 3 6 2 10
4 0 0
6 19 1 0
49023 176 113 42
3 9 2 7 5 4 8 1 6 10
2 22 0
1 93 0 0
62773 151 77 33
8 5 4 9 1 7 3 2 6 10
2 5 0
8 4 1 0
75950 128 81 11
9 7 1 3 5 8 2 6 4 10
4 0 0
4 69 1 0
62349 177 78 42
2 3 4 8 6 1 9 7 5 10
4 0 0
6 55 2 0
76372 151 76 6
3 7 8 1 9 6 5 4 2 10
3 64 1
5 5 0 0
40285 157 63 1
4 5 7 2 3 8 1 9 6 10
3 8 1
2 0 0 0
62604 111 102 9
6 5 3 7 4 2 8 1 9 10
1 0 0
1 112 0 0
63943 135 88 0
5 6 9 8 1 4 7 3 2 10
2 29 0
2 0 0 0
100000 10000 96 27
4 2 1 6 9 7 5 3 8 10
1 0 0
10 10000 0 0
79058 184 107 43
6 4 1 9 3 2 8 7 5 10
5 1893 2
7 47 4 3925
73943 117 96 13
7 5 2 9 4 3 6 1 8 10
3 13 1
9 24 1 930
60255 179 87 40
6 8 7 3 2 5 4 1 9 10
5 1553 5
5 1 0 0
55139 163 92 19
5 1 9 8 7 2 4 3 6 10
1 0 0
1 120 0 0
59878 129 76 42
7 3 9 8 6 5 2 1 4 10
3 43 1
7 37 2 3374
79436 152 68 26
2 4 9 1 5 7 3 6 8 10
5 2909 9
7 21 8 1490
57638 129 75 0
3 7 5 9 1 6 8 4 2 10
5 3979 9
4 50 1 0
64326 171 106 2
4 7 9 1 8 6 2 5 3 10
2 19 0
7 44 1 1060
75528 143 110 10
3 8 6 4 7 5 1 2 9 10
2 46 0
5 4 0 0
100000 10000 79 49
7 6 5 4 9 3 8 1 2 10
1 0 0
10 10000 0 0
