10
65522 189 74 48
6 8 4 9 2 3 5 7 1 10
2 31 0
7 12 7 3136
48457 181 69 36
2 6 5 4 8 7 3 1 9 10
3 27 1
9 5 2 833
68182 196 93 26
8 3 4 1 7 5 2 9 6 10
2 31 0
9 80 3 1070
79446 141 79 27
4 8 3 7 2 9 1 5 6 10
4 0 0
1 72 0 0
77451 173 82 10
3 6 7 2 5 1 4 9 8 10
5 3333 1
3 10 0 0
43092 133 104 40
9 6 8 7 3 2 4 1 5 10
2 14 0
6 74 3 0
63601 173 120 14
1 2 4 8 3 6 7 9 5 10
3 65 1
6 34 1 0
65735 139 74 24
1 9 6 2 3 8 7 4 5 10
2 19 0
1 118 0 0
41059 137 68 17
2 1 3 7 9 8 4 6 5 10
5 3496 1
7 94 8 2464
100000 10000 119 26
7 1 3 4 8 5 6 9 2 10
1 0 0
10 10000 0 0
48067 110 80 8
5 2 6 8 1 7 9 4 3 10
1 0 0
4 60 1 0
59519 185 116 46
6 5 7 2 1 9 4 8 3 10
3 44 1
5 3 0 0
59728 179 112 39
8 7 4 6 2 1 3 9 5 10
5 2051 6
1 82 0 0
70684 198 82 43
6 1 7 2 8 5 4 9 3 10
5 3089 6
1 64 0 0
75203 190 74 13
3 6 7 2 4 8 9 1 5 10
5 1560 5
7 20 1 1374
60874 168 103 2
6 3 5 4 8 1 9 7 2 10
5 1360 1
3 10 0 0
64746 152 103 32
3 8 2 7 1 5 6 4 9 10
2 14 0
5 5 0 0
66754 179 61 49
7 4 1 2 3 9 6 8 5 10
1 0 0
2 0 0 0
55059 128 66 6
3 8 9 7 4 6 2 5 1 10
2 27 0
4 25 1 0
100000 10000 64 24
1 9 6 7 5 4 3 2 8 10
1 0 0
10 10000 0 0
