10
74102 117 97 33
9 6 4 8 5 2 3 1 7 10
2 31 0
5 3 0 0
72458 142 117 28
1 6 4 8 5 7 2 3 9 10
1 0 0
3 10 0 0
48019 153 98 10
7 8 3 5 2 1 6 9 4 10
3 47 1
6 66 1 0
60330 104 62 12
3 7 4 8 6 2 9 1 5 10
5 258 4
8 91 1 0
69191 140 68 26
4 1 2 7 8 5 3 6 9 10
3 71 1
3 10 0 0
41074 159 110 18
3 8 4 1 7 5 6 9 2 10
1 0 0
8 98 1 0
63627 104 94 40
3 2 9 5 1 7 6 8 4 10
3 79 1
2 0 0 0
75643 136 71 31
5 6 1 4 9 7 2 8 3 10
2 25 0
6 5 3 0
57793 158 99 38
8 7 9 4 2 3 1 5 6 10
5 1458 2
8 65 1 0
100000 10000 100 20
1 4 3 6 7 5 9 8 2 10
1 0 0
10 10000 0 0
51486 147 66 24
9 7 4 5 2 1 6 3 8 10
4 0 0
5 5 0 0
48106 194 79 14
1 6 8 4 3 5 9 7 2 10
5 2861 9
5 4 0 0
57835 115 60 25
7 8 5 9 3 2 4 1 6 10
1 0 0
3 10 0 0
42204 137 106 18
8 7 5 2 1 4 9 6 3 10
2 10 0
7 40 1 2233
78030 180 100 36
9 5 3 6 2 1 8 7 4 10
5 3513 5
2 0 0 0
55554 145 93 4
2 1 6 7 3 8 9 4 5 10
1 0 0
1 77 0 0
56737 191 84 6
8 2 9 6 1 5 4 7 3 10
1 0 0
3 10 0 0
41205 169 68 21
9 3 1 2 7 4 5 8 6 10
1 0 0
8 54 1 0
74389 169 106 33
6 8 4 1 3 7 2 9 5 10
1 0 0
5 2 0 0
100000 10000 101 36
3 2 9 7 1 5 6 8 4 10
1 0 0
10 10000 0 0
