10
75449 116 68 17
5 2 4 3 8 7 6 9 1 10
2 35 0
6 30 1 0
73237 104 69 14
1 5 3 7 2 9 4 6 8 10
5 881 6
3 10 0 0
68770 170 96 47
5 4 9 1 8 7 3 6 2 10
3 77 1
4 100 1 0
77151 103 75 10
5 9 7 2 1 6 4 8 3 10
5 1490 9
5 1 0 0
47443 122 85 2
9 4 8 3 5 1 7 2 6 10
4 0 0
8 6 1 0
68595 139 108 27
5 2 8 1 7 4 9 6 3 10
4 0 0
9 32 2 1056
74842 144 73 15
4 5 9 6 2 3 1 7 8 10
1 0 0
1 76 0 0
56565 120 115 36
6 8 5 9 1 7 2 4 3 10
4 0 0
1 65 0 0
64921 129 71 18
9 2 6 1 7 4 5 8 3 10
3 1 1
3 10 0 0
100000 10000 119 15
5 1 3 8 9 7 4 6 2 10
1 0 0
10 10000 0 0
69446 135 100 15
2 9 6 7 3 5 8 1 4 10
2 9 0
4 12 1 0
66059 165 109 8
4 1 6 9 5 8 3 2 7 10
2 5 0
7 62 4 1295
68577 162 105 50
6 3 5 4 8 9 2 1 7 10
3 64 1
5 4 0 0
55828 185 92 17
5 7 1 9 3 6 8 2 4 10
5 2506 3
4 16 1 0
60550 154 67 18
9 1 4 7 6 3 5 2 8 10
1 0 0
1 85 0 0
75494 143 98 37
8 6 4 9 1 7 2 3 5 10
1 0 0
4 97 1 0
59863 174 110 16
8 4 6 7 1 3 9 2 5 10
3 13 1
9 40 3 796
73698 152 103 12
3 9 1 2 5 8 6 7 4 10
3 69 1
6 5 3 0
66382 199 95 8
6 1 8 3 5 2 9 7 4 10
4 0 0
9 42 2 94
100000 10000 113 46
4 5 6 1 9 7 2 3 8 10
1 0 0
10 10000 0 0
