10
41816 187 101 2
6 2 5 3 9 8 1 7 4 10
4 0 0
4 54 1 0
51195 182 99 29
5 6 7 2 1 9 8 4 3 10
5 3404 3
9 72 1 1304
41578 167 82 41
2 4 1 9 5 6 7 8 3 10
1 0 0
8 11 1 0
53245 197 118 2
3 1 2 5 9 6 8 4 7 10
2 24 0
7 1 7 131
62805 172 106 41
7 3 6 9 8 4 5 1 2 10
5 2342 1
3 10 0 0
60661 119 74 27
4 7 1 6 8 5 9 3 2 10
1 0 0
3 10 0 0
40076 144 108 47
3 8 2 1 6 4 9 5 7 10
2 57 0
8 51 1 0
50715 157 89 42
2 8 1 3 4 9 5 7 6 10
5 1614 8
1 113 0 0
72333 158 82 16
1 7 3 6 4 9 8 5 2 10
5 170 9
8 98 1 0
100000 10000 105 46
3 9 2 4 6 1 8 7 5 10
1 0 0
10 10000 0 0
55897 186 111 21
4 1 3 7 9 8 5 2 6 10
2 58 0
5 1 0 0
68055 103 112 33
4 9 8 1 5 2 7 6 3 10
3 59 1
5 1 0 0
75592 115 104 24
9 8 6 5 3 1 2 7 4 10
3 76 1
7 81 1 3098
75904 179 120 16
2 4 7 6 3 9 8 1 5 10
4 0 0
9 3 2 1027
40528 148 83 10
5 6 9 4 7 8 1 2 3 10
5 3054 3
6 94 1 0
68750 142 103 9
6 9 7 8 1 3 4 2 5 10
5 3929 8
2 0 0 0
73728 147 79 44
4 5 3 1 6 8 9 7 2 10
1 0 0
5 2 0 0
42968 162 111 42
9 2 8 6 7 1 5 3 4 10
3 54 1
2 0 0 0
50709 121 79 33
5 9 4 3 1 6 2 7 8 10
2 1 0
2 0 0 0
100000 10000 91 35
6 4 5 7 1 9 8 3 2 10
1 0 0
10 10000 0 0
