10
51813 131 67 41
8 6 9 4 7 3 1 2 5 10
4 0 0
6 77 3 0

76418 127 83 38
9 8 1 3 6 5 2 4 7 10
3 50 1
2 0 0 0

48362 114 91 50
3 5 4 7 1 6 2 8 9 10
3 28 1
5 1 0 0

57177 169 62 40
9 5 3 2 7 4 6 8 1 10
3 44 1
3 10 0 0

40625 159 117 36
9 6 4 8 3 2 7 1 5 10
2 55 0
6 6 1 0

63999 120 98 11
7 1 3 5 8 2 9 6 4 10
1 0 0
8 55 1 0

41219 175 66 35
3 7 4 6 9 5 2 8 1 10
5 1634 3
1 120 0 0

58328 177 117 16
3 8 7 4 5 1 6 9 2 10
2 24 0
5 3 0 0

63371 125 113 11
1 7 4 3 8 2 6 5 9 10
3 13 1
8 35 1 0

100000 10000 86 31
6 5 2 8 3 1 4 9 7 10
1 0 0
10 10000 0 0

54269 132 93 23
9 6 1 4 3 2 7 8 5 10
4 0 0
2 0 0 0

51224 167 74 24
8 2 9 7 1 4 6 3 5 10
3 61 1
4 44 1 0

40429 178 78 13
4 3 8 5 1 6 7 9 2 10
2 5 0
7 51 1 685

61708 158 67 22
3 4 7 9 6 2 5 8 1 10
4 0 0
2 0 0 0

51476 196 92 47
8 7 3 1 2 9 6 4 5 10
5 2982 3
1 79 0 0

68005 152 112 11
4 3 2 6 5 1 9 7 8 10
2 46 0
7 73 8 1403

40953 143 71 22
7 6 2 5 9 3 1 8 4 10
4 0 0
6 48 3 0

71444 159 88 2
5 3 7 9 1 8 6 2 4 10
2 51 0
7 69 4 2757

52178 134 98 3
3 1 9 4 2 7 8 5 6 10
1 0 0
1 103 0 0

100000 10000 97 3
6 8 7 5 3 4 2 1 9 10
1 0 0
10 10000 0 0

