10
53160 103 100 26
9 8 3 7 6 2 4 1 5 10
4 0 0
5 1 0 0

75879 142 66 9
6 9 4 1 2 7 8 5 3 10
5 1937 7
7 63 4 68

56537 170 85 39
9 6 4 8 1 2 5 7 3 10
2 40 0
1 113 0 0

78386 155 92 10
2 9 7 6 1 8 5 3 4 10
2 21 0
6 68 3 0

62471 200 76 34
4 1 9 8 7 6 2 3 5 10
1 0 0
7 11 1 728

41643 108 78 38
3 7 5 2 1 4 9 8 6 10
1 0 0
5 4 0 0

79050 173 90 12
2 8 3 9 6 4 1 7 5 10
1 0 0
9 79 3 1153

60096 113 66 41
3 1 4 9 5 8 2 7 6 10
3 34 1
8 52 1 0

78754 167 87 6
9 7 4 6 2 3 8 5 1 10
5 1198 5
9 8 1 844

100000 10000 114 45
3 9 2 7 5 8 6 1 4 10
1 0 0
10 10000 0 0

60686 135 97 22
8 2 3 7 5 4 6 1 9 10
5 1661 4
7 86 5 244

71699 110 113 18
9 4 1 7 8 5 6 2 3 10
1 0 0
3 10 0 0

42657 122 82 46
9 7 4 1 8 6 5 2 3 10
4 0 0
2 0 0 0

52109 138 104 27
9 5 4 6 1 3 2 8 7 10
5 3641 5
9 41 1 721

69851 161 108 50
8 3 9 2 6 4 1 5 7 10
5 3502 8
9 98 3 1382

41588 126 61 10
1 7 3 4 8 6 9 5 2 10
5 3757 3
4 96 1 0

63646 172 96 18
1 5 4 6 9 8 7 2 3 10
5 2191 4
4 71 1 0

46957 158 62 4
5 7 6 3 1 8 2 4 9 10
3 63 1
7 98 3 2848

57047 200 105 38
9 6 2 7 1 4 8 5 3 10
4 0 0
9 54 1 633

100000 10000 107 33
4 1 9 6 3 2 8 5 7 10
1 0 0
10 10000 0 0

