10
61740 159 61 36
3 5 8 4 1 6 2 9 7 10
4 0 0
2 0 0 0
64191 165 69 33
1 9 3 8 4 2 5 6 7 10
5 1592 4
9 71 3 1415
78022 123 90 35
8 4 9 7 6 1 3 5 2 10
3 75 1
4 27 1 0
49634 101 96 2
3 7 6 4 8 1 2 5 9 10
5 3643 10
7 92 2 964
51340 149 80 12
1 7 3 2 8 9 5 6 4 10
5 1610 9
2 0 0 0
72605 157 111 18
8 7 6 2 4 5 1 3 9 10
5 2981 10
7 23 8 2142
55517 162 98 17
2 6 3 8 7 9 5 4 1 10
2 39 0
3 10 0 0
54131 172 88 35
9 3 1 2 5 6 7 4 8 10
2 40 0
6 66 4 0
76040 112 119 40
2 3 8 9 4 6 5 7 1 10
3 37 1
2 0 0 0
100000 10000 97 3
6 5 1 2 3 4 8 9 7 10
1 0 0
10 10000 0 0
44497 191 119 27
4 6 1 8 5 2 3 7 9 10
4 0 0
9 81 1 1059
61762 190 117 17
2 8 6 1 4 3 9 5 7 10
4 0 0
4 21 1 0
71030 174 94 21
3 4 7 8 2 9 1 6 5 10
3 64 1
2 0 0 0
54565 189 111 15
8 3 7 9 4 6 5 2 1 10
1 0 0
7 94 4 852
65759 172 116 43
1 8 9 2 3 6 7 5 4 10
5 977 9
3 10 0 0
56396 145 95 23
3 2 9 1 8 5 6 7 4 10
3 49 1
4 72 1 0
40111 106 65 30
2 5 8 3 4 9 1 7 6 10
2 7 0
5 1 0 0
54097 151 99 6
1 8 2 3 9 5 6 7 4 10
2 22 0
9 35 3 598
61609 141 105 30
8 1 4 7 2 9 5 3 6 10
2 18 0
3 10 0 0
100000 10000 71 29
7 8 3 5 2 6 4 1 9 10
1 0 0
10 10000 0 0
