10
70321 174 94 21
3 7 2 8 9 4 1 6 5 10
5 3891 1
5 1 0 0
70605 190 84 7
3 6 7 8 4 1 2 9 5 10
1 0 0
9 40 2 780
51450 192 95 19
5 1 9 8 3 2 4 7 6 10
2 26 0
7 17 1 1475
44021 200 63 44
8 1 4 9 6 3 7 2 5 10
5 2871 10
7 18 8 1983
77123 153 106 42
3 1 7 4 2 6 5 9 8 10
3 12 1
9 60 2 1534
44478 104 111 19
1 5 9 2 7 4 3 8 6 10
2 11 0
1 97 0 0
46773 108 69 21
2 9 7 8 4 3 5 1 6 10
4 0 0
3 10 0 0
51064 167 103 47
9 8 3 7 5 1 2 6 4 10
1 0 0
6 58 3 0
59584 156 62 43
3 7 4 1 5 6 2 9 8 10
2 21 0
9 46 2 1178
100000 10000 117 8
4 5 8 1 2 3 7 9 6 10
1 0 0
10 10000 0 0
47298 111 96 28
5 4 7 1 2 3 8 9 6 10
4 0 0
4 63 1 0
77151 105 114 24
6 9 1 3 4 2 7 5 8 10
5 2482 7
2 0 0 0
66637 138 118 21
4 2 9 3 5 8 6 1 7 10
2 14 0
9 51 2 633
57781 161 110 5
4 9 5 3 7 8 6 2 1 10
2 22 0
1 74 0 0
60789 105 118 25
3 6 1 7 9 4 5 8 2 10
4 0 0
3 10 0 0
66854 157 101 18
1 4 5 2 3 6 8 7 9 10
2 3 0
8 38 1 0
73820 131 103 45
3 6 9 4 2 8 5 7 1 10
4 0 0
7 13 2 1623
41918 150 117 42
7 4 8 6 3 1 5 9 2 10
2 55 0
2 0 0 0
40787 192 83 20
9 7 5 2 6 4 3 1 8 10
3 35 1
9 33 2 874
100000 10000 110 43
5 1 8 3 7 4 6 9 2 10
1 0 0
10 10000 0 0
