10
69454 129 65 31
7 9 1 4 5 8 6 2 3 10
5 3592 5
2 0 0 0

76698 149 83 29
4 8 9 5 2 6 7 1 3 10
4 0 0
5 3 0 0

44068 190 66 7
3 4 2 5 9 8 6 7 1 10
1 0 0
6 91 2 0

41090 186 88 14
2 7 1 6 8 5 4 9 3 10
5 3170 7
7 89 8 2109

43848 199 108 42
2 6 1 7 5 3 4 8 9 10
5 2299 3
9 43 2 126

43871 100 109 45
1 7 3 2 6 4 5 8 9 10
4 0 0
4 88 1 0

67649 128 62 9
9 6 5 7 8 1 2 3 4 10
2 30 0
9 7 2 141

53321 139 62 9
7 4 9 5 8 3 2 6 1 10
5 3842 9
4 4 1 0

60035 189 63 13
8 3 2 6 1 7 5 4 9 10
2 27 0
5 3 0 0

100000 10000 84 21
9 5 7 6 1 3 4 2 8 10
1 0 0
10 10000 0 0

73821 101 96 37
2 3 5 9 8 6 4 1 7 10
2 22 0
3 10 0 0

43279 195 76 14
8 7 5 1 4 9 3 2 6 10
3 57 1
5 4 0 0

63609 184 102 36
4 6 9 3 8 7 1 2 5 10
2 60 0
4 78 1 0

65260 187 84 5
5 2 9 4 8 6 7 1 3 10
1 0 0
5 4 0 0

51633 154 110 45
7 2 3 5 6 4 1 9 8 10
3 2 1
6 89 4 0

42773 198 77 22
4 9 3 7 2 5 8 6 1 10
2 21 0
2 0 0 0

47033 153 72 25
1 5 8 3 9 7 6 2 4 10
1 0 0
5 3 0 0

64312 133 111 8
2 8 6 4 3 1 7 5 9 10
5 2588 6
8 62 1 0

43440 105 72 4
8 5 2 6 7 9 4 3 1 10
2 5 0
6 90 4 0

100000 10000 62 47
6 2 5 8 3 9 4 7 1 10
1 0 0
10 10000 0 0

