10
36815 116 83 18
2 6 3 4 1 9 7 8 5 10
3 12 1
1 61 0 0
45730 115 73 4
6 9 3 5 2 7 8 1 4 10
2 22 0
8 47 1 0
27780 101 72 7
5 7 8 6 4 2 9 3 1 10
2 36 0
2 0 0 0
28960 126 70 8
7 1 5 2 8 6 9 3 4 10
1 0 0
4 3 1 0
34337 109 54 11
4 1 3 8 5 6 9 2 7 10
4 0 0
7 35 1 2047
43291 153 53 14
6 7 3 8 2 4 9 1 5 10
5 1224 8
3 10 0 0
44034 192 91 15
3 9 7 2 8 5 6 4 1 10
5 33 10
7 18 2 1368
38612 186 77 10
9 5 4 2 6 8 7 1 3 10
4 0 0
9 17 1 391
30062 168 60 18
5 4 7 8 1 9 3 6 2 10
1 0 0
6 20 1 0
100000 10000 58 18
1 9 3 7 6 5 8 4 2 10
1 0 0
10 10000 0 0
41367 190 61 20
5 3 9 8 1 4 7 2 6 10
2 48 0
8 12 1 0
41039 133 51 11
6 2 1 7 4 8 5 3 9 10
1 0 0
1 85 0 0
30514 188 92 1
2 4 3 6 9 8 7 5 1 10
3 44 1
6 18 1 0
49166 199 61 1
3 9 6 5 1 4 7 2 8 10
3 14 1
6 32 1 0
43548 184 57 17
2 4 3 7 1 9 5 6 8 10
2 43 0
5 2 0 0
49986 148 53 5
3 7 2 4 8 9 6 5 1 10
1 0 0
4 27 1 0
44000 199 78 9
7 4 9 6 5 1 8 3 2 10
1 0 0
4 48 1 0
38789 116 65 7
2 4 5 8 6 7 1 3 9 10
3 33 1
6 21 3 0
37085 132 60 4
9 1 2 5 7 6 4 8 3 10
3 17 1
4 5 1 0
100000 10000 70 20
3 6 8 7 9 5 1 2 4 10
1 0 0
10 10000 0 0
