10
78035 143 88 3
2 6 5 4 3 1 8 9 7 10
2 56 0
2 0 0 0
73801 104 62 49
5 6 7 9 2 4 3 8 1 10
1 0 0
9 25 3 792
70072 136 120 17
5 9 7 6 1 3 2 8 4 10
2 2 0
9 70 2 301
70673 105 102 48
6 2 5 7 9 1 8 4 3 10
3 19 1
6 78 2 0
49376 190 87 17
2 4 7 1 3 5 6 9 8 10
2 47 0
6 59 2 0
77826 180 108 23
1 7 6 4 2 3 5 8 9 10
3 58 1
1 106 0 0
45190 142 97 11
4 6 7 3 8 5 9 2 1 10
5 2626 10
6 17 1 0
44932 104 111 33
9 4 6 8 7 5 3 1 2 10
4 0 0
1 66 0 0
77465 153 96 38
8 9 3 4 5 2 6 1 7 10
4 0 0
7 44 3 3705
100000 10000 66 4
7 8 9 4 6 1 5 2 3 10
1 0 0
10 10000 0 0
71277 179 79 5
6 8 2 3 5 9 7 1 4 10
2 41 0
7 6 6 2644
58481 164 99 26
9 3 5 7 2 6 4 8 1 10
4 0 0
8 42 1 0
57849 166 92 8
3 8 1 2 5 4 9 7 6 10
4 0 0
5 5 0 0
59566 157 70 16
4 9 6 1 3 7 5 8 2 10
1 0 0
4 74 1 0
73228 140 96 2
7 2 1 6 8 5 4 9 3 10
1 0 0
8 55 1 0
64011 190 79 7
8 6 2 7 4 9 1 3 5 10
5 2665 10
7 31 4 1180
49461 121 61 16
8 5 6 7 3 9 4 1 2 10
1 0 0
6 88 3 0
47508 135 62 30
7 8 4 3 1 6 5 2 9 10
1 0 0
3 10 0 0
58696 123 84 16
1 7 2 9 3 4 8 5 6 10
1 0 0
3 10 0 0
100000 10000 73 48
5 1 8 3 6 4 2 9 7 10
1 0 0
10 10000 0 0
