10
79382 172 120 13
5 2 1 4 3 9 6 8 7 10
2 53 0
1 112 0 0

60454 188 64 18
5 1 7 4 3 9 2 8 6 10
3 30 1
1 65 0 0

58244 160 93 13
6 9 3 7 5 1 2 4 8 10
4 0 0
7 89 4 1544

80000 174 98 12
6 1 9 7 5 4 3 8 2 10
1 0 0
4 56 1 0

46491 151 92 26
7 5 4 2 3 9 8 1 6 10
1 0 0
7 91 1 3339

63484 189 72 28
3 5 4 8 6 9 2 1 7 10
1 0 0
1 69 0 0

70460 151 118 31
7 3 5 1 8 4 6 9 2 10
2 37 0
3 10 0 0

66787 118 70 16
1 7 2 3 5 9 4 6 8 10
3 63 1
4 23 1 0

55666 181 93 34
3 5 4 7 6 2 8 1 9 10
1 0 0
5 1 0 0

100000 10000 99 43
2 7 5 4 1 9 8 3 6 10
1 0 0
10 10000 0 0

42847 168 113 34
1 8 4 7 9 2 5 3 6 10
4 0 0
8 18 1 0

78986 138 120 45
7 2 5 3 8 4 1 9 6 10
2 18 0
6 11 4 0

56540 186 76 44
5 8 9 2 3 4 1 6 7 10
5 2713 7
1 105 0 0

40743 177 61 21
7 1 4 5 3 8 9 2 6 10
4 0 0
1 80 0 0

77158 125 74 2
8 6 2 5 4 9 3 7 1 10
3 12 1
6 85 4 0

71649 161 78 7
6 4 8 3 7 1 9 5 2 10
2 31 0
4 7 1 0

79195 174 96 43
8 3 1 5 2 7 6 4 9 10
2 31 0
8 17 1 0

40229 160 100 28
4 9 5 8 2 7 6 1 3 10
1 0 0
4 25 1 0

79283 198 120 17
9 5 7 8 6 2 3 4 1 10
2 51 0
9 62 2 1301

100000 10000 93 37
6 4 5 2 8 1 9 3 7 10
1 0 0
10 10000 0 0

