10
78515 171 82 49
6 8 9 4 7 3 2 5 1 10
3 41 1
3 10 0 0

57056 144 110 25
5 7 3 4 8 2 9 1 6 10
3 33 1
9 22 3 1150

61875 100 106 4
7 9 5 3 8 4 1 6 2 10
2 51 0
8 43 1 0

69029 113 120 11
6 5 7 4 8 2 3 1 9 10
5 1486 3
3 10 0 0

43598 176 98 43
8 7 4 2 1 9 5 3 6 10
1 0 0
7 49 6 1852

72967 166 95 31
4 3 2 1 7 6 8 9 5 10
1 0 0
3 10 0 0

58663 177 118 36
5 8 9 6 2 4 7 3 1 10
1 0 0
5 3 0 0

67219 106 69 32
7 9 8 4 2 3 1 5 6 10
5 3310 5
2 0 0 0

57670 157 106 4
8 2 3 6 4 1 7 5 9 10
1 0 0
9 48 2 312

100000 10000 97 15
3 1 8 7 6 9 5 4 2 10
1 0 0
10 10000 0 0

53850 163 115 36
6 8 2 5 4 3 7 9 1 10
4 0 0
3 10 0 0

65744 144 120 11
9 7 4 6 5 2 8 3 1 10
4 0 0
5 2 0 0

69895 121 101 17
9 8 1 5 3 7 4 6 2 10
1 0 0
4 53 1 0

40478 144 88 49
3 1 2 8 7 9 5 6 4 10
2 18 0
2 0 0 0

54935 191 78 13
5 9 2 7 1 4 3 6 8 10
4 0 0
6 63 4 0

67000 193 95 45
9 6 5 2 7 1 8 4 3 10
1 0 0
7 39 3 1700

55828 133 118 21
3 2 5 8 1 4 9 7 6 10
4 0 0
9 59 1 525

54792 148 112 27
6 3 2 9 5 7 4 1 8 10
2 33 0
7 44 7 3148

65259 101 76 0
2 9 5 7 4 1 8 6 3 10
2 43 0
2 0 0 0

100000 10000 99 49
4 1 2 9 6 7 3 8 5 10
1 0 0
10 10000 0 0

