10
47094 142 114 8
9 3 8 7 4 5 6 2 1 10
3 63 1
2 0 0 0
46425 170 95 20
6 9 2 1 5 4 8 3 7 10
2 24 0
6 30 4 0
41121 178 96 27
1 2 3 6 8 5 4 7 9 10
5 1439 8
8 63 1 0
77276 166 91 41
9 5 6 8 7 4 2 3 1 10
3 78 1
1 74 0 0
57092 125 62 18
1 9 7 4 8 6 3 5 2 10
1 0 0
2 0 0 0
40451 120 120 19
9 2 1 3 7 4 5 8 6 10
1 0 0
8 7 1 0
49455 190 109 17
7 5 1 6 9 3 4 2 8 10
3 55 1
5 2 0 0
41138 136 76 15
8 4 2 9 7 5 1 3 6 10
5 1371 7
6 96 1 0
54756 101 104 40
4 6 5 8 3 1 7 9 2 10
1 0 0
2 0 0 0
100000 10000 84 39
9 1 6 7 5 4 2 3 8 10
1 0 0
10 10000 0 0
51759 150 88 19
1 4 9 8 5 2 3 7 6 10
5 524 7
7 44 7 3261
66966 189 89 42
6 8 2 5 3 1 7 4 9 10
1 0 0
2 0 0 0
44439 113 112 19
2 8 1 4 9 7 5 6 3 10
1 0 0
7 69 6 1845
44985 189 71 27
8 1 9 7 3 2 6 5 4 10
4 0 0
4 35 1 0
62485 181 97 50
1 2 5 7 9 8 4 6 3 10
1 0 0
7 90 5 1737
71859 103 79 30
5 1 4 8 3 7 6 2 9 10
5 1066 9
7 89 8 1608
56356 122 116 35
9 1 3 5 7 6 8 4 2 10
5 1762 6
3 10 0 0
46468 168 75 43
1 3 4 2 6 9 5 8 7 10
5 2418 6
3 10 0 0
56339 134 74 31
1 6 4 9 7 3 5 8 2 10
5 2861 9
5 5 0 0
100000 10000 87 4
5 1 8 6 9 2 3 4 7 10
1 0 0
10 10000 0 0
