10
55675 113 86 6
1 6 7 8 5 2 9 4 3 10
4 0 0
4 27 1 0

40812 126 80 40
2 3 9 4 8 6 5 1 7 10
5 3668 7
1 98 0 0

57284 115 66 3
1 7 9 4 8 2 5 6 3 10
4 0 0
3 10 0 0

43425 156 108 8
7 8 9 3 1 4 2 6 5 10
2 18 0
2 0 0 0

57676 110 92 46
4 5 2 3 8 1 6 9 7 10
4 0 0
8 76 1 0

58184 156 61 0
7 9 8 4 5 1 6 3 2 10
2 49 0
1 78 0 0

78046 139 110 29
4 7 9 3 8 6 5 1 2 10
2 51 0
9 82 3 1115

53520 192 90 40
3 8 6 4 2 7 1 5 9 10
4 0 0
9 68 3 417

70162 121 86 7
7 8 1 9 3 2 5 4 6 10
2 37 0
9 85 3 901

100000 10000 84 24
9 7 4 5 2 8 6 1 3 10
1 0 0
10 10000 0 0

42435 181 93 3
6 4 2 3 7 5 9 1 8 10
2 11 0
4 71 1 0

60052 168 112 27
8 5 9 3 7 1 6 4 2 10
4 0 0
7 88 1 37

78586 177 94 26
5 6 9 8 3 2 1 7 4 10
1 0 0
3 10 0 0

52832 184 95 5
8 5 6 4 9 7 3 1 2 10
5 1945 7
6 28 1 0

55595 131 78 16
9 8 7 6 5 3 4 2 1 10
5 2193 1
3 10 0 0

62911 134 111 28
7 8 6 5 9 2 3 1 4 10
2 16 0
5 3 0 0

67547 100 111 35
9 7 3 8 5 2 4 1 6 10
1 0 0
4 14 1 0

48568 137 116 12
1 7 4 6 8 2 9 3 5 10
3 6 1
7 67 6 3768

61901 145 82 46
4 9 5 3 8 7 2 1 6 10
2 55 0
5 5 0 0

100000 10000 70 19
9 6 1 7 4 3 8 5 2 10
1 0 0
10 10000 0 0

