10
67479 117 62 47
1 2 6 7 3 8 4 5 9 10
4 0 0
4 31 1 0
61338 144 62 2
7 8 3 1 5 4 2 9 6 10
3 8 1
4 71 1 0
44297 193 77 24
6 4 1 9 7 8 3 5 2 10
1 0 0
7 45 1 2055
76331 136 97 13
6 4 3 1 8 5 9 2 7 10
5 3378 1
3 10 0 0
63238 188 91 22
9 3 2 4 5 7 1 6 8 10
3 71 1
3 10 0 0
41392 148 116 48
1 9 8 2 5 6 7 4 3 10
5 1210 4
1 96 0 0
76939 145 82 35
1 9 5 8 3 7 2 4 6 10
3 2 1
9 64 1 995
41532 156 105 12
2 9 7 8 5 1 4 3 6 10
1 0 0
6 95 2 0
63137 175 68 10
6 9 7 2 1 4 3 8 5 10
3 50 1
7 57 8 2110
100000 10000 73 1
3 2 9 7 5 4 1 6 8 10
1 0 0
10 10000 0 0
58634 135 79 19
2 6 9 8 4 3 5 1 7 10
1 0 0
7 95 1 3713
52294 122 79 12
1 7 4 9 6 5 3 2 8 10
4 0 0
6 11 3 0
62076 154 72 3
9 3 4 8 2 1 5 7 6 10
4 0 0
7 45 8 2131
41239 113 104 2
4 5 6 1 7 9 3 8 2 10
5 2372 9
7 49 2 1970
63190 146 66 6
7 2 3 5 4 1 8 6 9 10
4 0 0
1 94 0 0
60826 144 101 40
1 5 8 2 7 6 9 3 4 10
3 65 1
3 10 0 0
65401 178 76 5
7 3 6 4 2 1 8 9 5 10
5 2963 3
6 16 1 0
49044 115 119 27
1 2 7 5 4 9 6 8 3 10
5 3475 7
6 59 4 0
41512 125 108 44
3 4 1 8 9 6 7 5 2 10
1 0 0
5 2 0 0
100000 10000 99 23
8 1 6 4 3 5 7 9 2 10
1 0 0
10 10000 0 0
