10
68826 115 95 6
6 2 1 7 4 3 5 9 8 10
4 0 0
6 19 3 0

48493 127 108 22
5 6 2 8 7 9 4 1 3 10
2 4 0
4 61 1 0

59261 195 103 49
3 7 6 2 8 5 1 9 4 10
1 0 0
7 100 3 1335

47689 141 100 18
5 6 2 7 4 9 3 8 1 10
3 3 1
1 117 0 0

77517 113 115 11
3 2 6 5 8 4 9 7 1 10
4 0 0
7 99 3 161

66469 152 92 39
6 3 2 9 4 8 5 1 7 10
3 63 1
7 98 3 1636

79815 183 102 32
3 2 5 1 6 4 9 8 7 10
3 39 1
7 43 3 1827

62189 112 107 30
4 2 7 5 8 9 6 3 1 10
4 0 0
3 10 0 0

77586 172 104 24
4 2 3 6 5 7 1 8 9 10
4 0 0
6 87 3 0

100000 10000 62 5
5 2 8 1 3 9 6 4 7 10
1 0 0
10 10000 0 0

55702 111 74 1
8 1 4 3 5 9 6 2 7 10
3 75 1
6 55 1 0

79436 187 63 2
3 2 9 7 8 6 5 4 1 10
4 0 0
8 9 1 0

65975 172 81 13
2 7 9 8 6 3 1 5 4 10
3 57 1
7 5 8 709

40622 155 77 40
7 1 4 3 5 2 9 6 8 10
5 443 3
9 60 1 588

40055 113 99 20
7 2 4 6 9 8 5 3 1 10
4 0 0
5 5 0 0

51104 135 93 30
1 5 4 3 6 2 9 7 8 10
2 21 0
6 16 3 0

51478 135 107 37
2 7 4 3 1 5 8 9 6 10
4 0 0
1 109 0 0

53201 168 114 17
7 8 9 6 2 4 1 3 5 10
3 69 1
6 88 2 0

47219 131 75 31
4 6 9 3 8 7 5 1 2 10
3 73 1
2 0 0 0

100000 10000 101 42
3 7 8 6 4 1 2 9 5 10
1 0 0
10 10000 0 0

