10
75192 187 117 42
8 7 2 1 9 3 6 5 4 10
5 3676 10
7 65 2 2306

53348 164 71 45
6 8 9 2 3 4 1 7 5 10
4 0 0
8 9 1 0

71960 116 79 4
9 1 5 2 7 3 6 4 8 10
5 1431 5
7 64 4 2618

60068 131 87 3
9 8 3 5 1 2 7 4 6 10
1 0 0
3 10 0 0

48306 105 114 18
6 9 5 1 2 4 7 8 3 10
1 0 0
4 35 1 0

74950 126 90 20
9 4 8 7 6 2 5 3 1 10
2 49 0
5 1 0 0

61150 196 104 24
3 2 7 6 5 1 8 4 9 10
5 2065 8
3 10 0 0

41699 166 92 25
9 8 3 6 5 4 7 2 1 10
2 21 0
3 10 0 0

47726 165 85 30
5 9 6 2 8 1 7 4 3 10
5 521 2
2 0 0 0

100000 10000 98 27
8 3 9 6 4 7 2 1 5 10
1 0 0
10 10000 0 0

66080 189 72 32
7 3 4 6 1 5 8 9 2 10
2 24 0
5 4 0 0

44697 121 111 22
1 2 8 5 7 4 6 9 3 10
3 24 1
9 10 1 86

71444 181 69 6
7 4 1 2 3 9 6 8 5 10
3 13 1
4 66 1 0

73351 163 76 11
1 9 5 8 3 2 7 4 6 10
1 0 0
1 70 0 0

77062 143 86 3
1 6 8 9 3 7 4 5 2 10
2 43 0
3 10 0 0

46919 192 111 29
8 9 3 7 4 5 1 6 2 10
2 59 0
7 76 4 1971

72539 198 72 20
9 2 8 1 5 3 4 7 6 10
3 32 1
7 68 4 1579

53957 101 106 42
8 2 1 6 4 7 3 9 5 10
5 3205 6
1 98 0 0

74390 111 72 30
5 4 8 1 2 9 6 7 3 10
1 0 0
1 86 0 0

100000 10000 101 11
4 7 5 9 3 2 6 8 1 10
1 0 0
10 10000 0 0

