10
41966 184 90 50
4 8 5 2 1 7 9 6 3 10
2 21 0
6 47 4 0

67002 175 95 26
6 8 4 2 1 9 7 3 5 10
5 1180 5
6 67 4 0

61313 176 109 22
3 5 6 9 8 1 7 2 4 10
3 28 1
3 10 0 0

75303 126 91 36
4 5 9 6 7 3 2 1 8 10
2 16 0
7 45 8 3006

43947 163 92 1
8 1 7 5 2 6 3 4 9 10
2 14 0
3 10 0 0

55877 155 85 24
7 1 2 5 9 8 4 3 6 10
4 0 0
2 0 0 0

51063 100 63 24
2 7 1 9 3 5 4 6 8 10
4 0 0
7 17 7 2523

58658 122 86 49
3 9 1 8 2 6 5 4 7 10
4 0 0
5 4 0 0

46463 162 117 16
5 4 1 3 8 6 2 9 7 10
5 1022 5
1 92 0 0

100000 10000 65 19
5 1 3 8 6 7 2 4 9 10
1 0 0
10 10000 0 0

51759 131 90 29
1 4 2 3 5 6 9 8 7 10
5 1844 6
6 2 3 0

44354 144 78 3
9 6 2 3 8 5 1 7 4 10
2 29 0
9 4 1 1548

49227 128 64 14
7 2 5 6 1 8 9 3 4 10
2 54 0
4 5 1 0

63853 157 112 50
8 5 2 6 1 3 4 7 9 10
3 44 1
9 36 1 949

50995 195 104 38
6 8 2 4 5 9 7 1 3 10
3 27 1
7 59 8 1640

60960 191 88 16
7 5 6 4 1 9 2 3 8 10
1 0 0
7 7 4 3614

44824 179 63 44
8 1 2 4 7 6 3 9 5 10
2 17 0
1 71 0 0

57399 138 108 0
9 3 6 5 8 1 7 2 4 10
2 52 0
8 4 1 0

57876 147 120 46
9 2 7 1 3 8 4 5 6 10
5 3325 8
4 38 1 0

100000 10000 104 32
5 8 9 3 2 4 6 7 1 10
1 0 0
10 10000 0 0

