10
43313 199 62 35
4 3 1 9 7 6 2 5 8 10
4 0 0
2 0 0 0

51074 169 78 14
2 8 4 7 6 9 3 1 5 10
3 16 1
9 61 3 1363

73252 150 91 43
9 1 4 8 2 5 6 7 3 10
4 0 0
2 0 0 0

67352 157 104 7
7 8 2 9 6 3 1 4 5 10
2 49 0
8 91 1 0

61131 191 72 13
5 8 6 9 7 2 3 4 1 10
5 2795 5
2 0 0 0

78082 164 73 23
3 9 6 4 5 2 8 7 1 10
2 13 0
5 3 0 0

72434 161 88 9
4 2 1 8 5 7 3 9 6 10
3 19 1
7 5 2 1765

58520 105 103 39
6 9 4 1 8 2 5 3 7 10
1 0 0
3 10 0 0

40038 182 65 30
9 4 6 7 5 3 8 1 2 10
1 0 0
8 73 1 0

100000 10000 68 28
5 6 9 2 7 8 1 3 4 10
1 0 0
10 10000 0 0

71669 163 119 32
1 8 4 3 6 7 5 9 2 10
2 36 0
9 84 3 249

69319 164 70 22
4 2 8 7 3 5 1 9 6 10
4 0 0
1 109 0 0

51473 196 63 15
5 8 9 6 3 7 4 2 1 10
4 0 0
1 96 0 0

49987 177 82 11
9 6 1 3 8 2 7 5 4 10
3 67 1
4 6 1 0

51719 102 90 0
5 3 4 7 6 8 9 1 2 10
3 76 1
6 26 3 0

66006 198 76 25
2 8 6 7 4 3 1 5 9 10
1 0 0
5 1 0 0

71041 176 86 39
8 4 2 1 9 7 3 6 5 10
3 36 1
4 68 1 0

40245 122 88 45
7 8 1 3 5 2 4 6 9 10
3 31 1
3 10 0 0

75037 128 90 22
2 8 1 4 7 5 3 9 6 10
1 0 0
9 26 2 901

100000 10000 99 50
1 2 6 4 5 8 7 3 9 10
1 0 0
10 10000 0 0

