10
33272 145 65 7
8 1 5 9 3 6 7 2 4 10
5 1581 10
7 13 4 135
44951 113 97 14
1 2 5 7 9 6 4 8 3 10
4 0 0
2 0 0 0
25286 199 67 18
8 7 4 3 6 1 2 5 9 10
5 2466 10
3 10 0 0
26538 185 86 12
8 5 9 4 1 7 6 3 2 10
2 47 0
2 0 0 0
44215 110 82 6
1 7 6 4 2 9 3 5 8 10
3 49 1
5 1 0 0
39066 151 58 6
6 4 8 3 9 1 5 7 2 10
4 0 0
4 22 1 0
29185 125 98 20
3 9 7 2 5 6 8 1 4 10
1 0 0
1 61 0 0
28961 163 95 1
6 4 7 1 5 2 8 9 3 10
3 40 1
3 10 0 0
38449 181 95 0
8 9 7 4 6 3 1 2 5 10
4 0 0
8 44 1 0
100000 10000 50 3
5 9 7 3 1 4 2 6 8 10
1 0 0
10 10000 0 0
33239 131 50 17
2 5 7 9 4 6 1 8 3 10
4 0 0
7 19 3 1337
29499 182 75 5
5 6 9 1 3 2 7 4 8 10
3 2 1
3 10 0 0
47546 149 72 12
6 1 4 2 7 3 8 9 5 10
2 26 0
7 50 1 1755
45922 179 97 2
4 5 6 2 1 9 8 3 7 10
5 670 9
1 63 0 0
28743 108 90 18
4 2 8 3 1 6 7 5 9 10
4 0 0
6 35 1 0
25425 128 81 18
2 5 7 1 8 6 3 4 9 10
4 0 0
1 57 0 0
41569 174 80 17
4 8 1 9 2 6 3 7 5 10
5 1242 4
3 10 0 0
38097 139 71 19
9 7 3 5 6 2 8 4 1 10
2 45 0
1 79 0 0
35895 105 87 2
4 6 5 2 9 8 3 7 1 10
4 0 0
9 21 1 716
100000 10000 81 13
8 6 5 1 9 4 3 2 7 10
1 0 0
10 10000 0 0
