10
42446 126 84 45
6 9 1 7 8 4 2 3 5 10
5 222 6
5 4 0 0

51498 128 70 30
1 6 9 7 5 2 8 4 3 10
3 52 1
4 3 1 0

51619 104 82 44
9 6 5 7 4 2 8 1 3 10
3 35 1
2 0 0 0

62474 166 104 7
1 7 2 8 3 4 6 5 9 10
1 0 0
5 4 0 0

56559 103 114 12
4 9 5 1 6 3 7 8 2 10
5 718 5
6 1 3 0

56158 189 80 38
7 5 9 8 3 4 1 2 6 10
2 23 0
1 68 0 0

65263 183 102 11
6 1 5 2 3 4 7 9 8 10
1 0 0
6 33 4 0

73665 176 119 36
4 6 9 5 7 2 1 3 8 10
3 22 1
4 26 1 0

73837 153 113 24
3 2 8 9 5 1 7 4 6 10
2 13 0
8 94 1 0

100000 10000 72 49
4 6 5 3 2 8 1 9 7 10
1 0 0
10 10000 0 0

55664 173 96 47
4 2 6 3 7 9 1 5 8 10
4 0 0
7 82 4 2362

42629 195 88 14
1 8 9 2 4 6 3 5 7 10
2 60 0
7 89 4 3835

57836 195 113 2
6 4 1 7 2 9 8 5 3 10
2 43 0
5 1 0 0

65902 155 72 16
4 7 3 2 5 6 8 9 1 10
1 0 0
7 76 4 2041

50045 142 60 24
6 4 5 7 9 8 2 1 3 10
4 0 0
1 70 0 0

75869 171 99 39
3 8 1 6 5 2 4 7 9 10
4 0 0
6 52 2 0

61002 194 108 2
9 8 1 3 5 6 4 2 7 10
5 2594 6
5 3 0 0

47477 115 115 3
7 4 8 2 9 5 3 6 1 10
2 12 0
7 26 5 3403

52550 151 89 43
4 1 8 2 3 7 5 9 6 10
5 412 2
1 116 0 0

100000 10000 102 10
2 3 9 8 4 1 7 6 5 10
1 0 0
10 10000 0 0

