10
51026 125 117 31
4 5 7 6 1 8 2 9 3 10
5 3924 5
1 97 0 0

57620 110 77 20
1 9 2 3 5 8 7 6 4 10
5 904 4
2 0 0 0

56129 169 92 7
5 3 9 4 6 1 8 2 7 10
4 0 0
8 17 1 0

58925 168 111 26
1 3 2 5 8 4 7 9 6 10
5 3815 7
9 10 1 1556

41967 199 113 34
3 2 4 1 5 8 6 9 7 10
1 0 0
2 0 0 0

63660 124 111 12
4 7 6 9 1 2 3 8 5 10
2 9 0
8 62 1 0

45143 153 71 36
5 1 4 6 7 9 8 2 3 10
4 0 0
8 47 1 0

56031 117 99 45
7 5 9 4 3 8 1 2 6 10
2 54 0
3 10 0 0

41579 169 82 15
4 7 6 1 2 3 9 8 5 10
3 33 1
3 10 0 0

100000 10000 85 25
9 5 8 7 3 2 1 4 6 10
1 0 0
10 10000 0 0

49716 154 98 35
5 6 4 2 1 7 9 3 8 10
5 1897 4
7 33 2 1167

50023 186 88 4
3 6 9 5 8 4 2 1 7 10
2 55 0
8 76 1 0

50174 161 108 39
3 6 9 4 1 8 7 5 2 10
5 1342 3
5 5 0 0

59992 116 86 40
2 3 4 9 5 8 6 7 1 10
4 0 0
4 65 1 0

69193 176 71 37
2 9 7 8 5 3 1 4 6 10
5 3211 7
1 111 0 0

74457 143 66 47
4 7 5 2 8 6 3 1 9 10
4 0 0
4 88 1 0

42574 158 85 37
4 9 1 3 6 2 5 7 8 10
1 0 0
5 5 0 0

71781 114 62 28
6 2 4 7 1 5 9 8 3 10
2 35 0
9 43 1 69

44731 147 102 12
7 9 3 2 4 5 6 8 1 10
4 0 0
5 1 0 0

100000 10000 87 29
5 3 1 8 4 2 7 9 6 10
1 0 0
10 10000 0 0

