10
52373 197 78 15
4 7 2 3 5 9 6 8 1 10
5 3625 3
1 74 0 0
78209 109 84 10
6 1 5 3 4 7 2 8 9 10
3 77 1
5 4 0 0
43295 182 108 50
4 3 5 2 9 1 8 7 6 10
2 29 0
6 83 2 0
66325 135 65 16
2 7 9 4 8 3 1 5 6 10
2 12 0
3 10 0 0
59203 156 96 47
7 4 1 5 3 9 8 2 6 10
1 0 0
8 41 1 0
55716 152 63 15
6 2 3 7 1 9 8 4 5 10
5 1912 10
9 100 1 72
78961 140 70 1
1 5 2 3 9 7 6 8 4 10
1 0 0
2 0 0 0
46445 174 65 36
6 4 8 7 2 3 1 5 9 10
3 56 1
9 68 3 756
44905 181 66 35
7 9 4 6 8 5 1 2 3 10
2 23 0
3 10 0 0
100000 10000 93 1
1 7 2 6 9 4 8 3 5 10
1 0 0
10 10000 0 0
54470 187 99 43
4 7 8 5 2 6 1 3 9 10
5 2926 4
6 62 4 0
71815 128 96 34
9 7 4 1 5 2 3 8 6 10
2 16 0
5 5 0 0
74656 138 114 5
9 6 3 8 4 2 5 1 7 10
5 483 3
1 74 0 0
71150 130 95 30
8 2 3 9 5 1 6 7 4 10
5 2515 2
4 3 1 0
68601 159 108 21
8 6 5 7 9 2 4 3 1 10
1 0 0
1 92 0 0
61390 115 69 34
7 2 6 1 9 5 4 3 8 10
4 0 0
9 14 3 91
70862 100 87 39
5 3 4 8 2 7 6 1 9 10
1 0 0
8 25 1 0
47090 115 102 22
1 3 7 2 9 8 4 6 5 10
1 0 0
6 69 1 0
71703 180 119 32
4 8 7 6 5 1 9 2 3 10
3 4 1
6 100 2 0
100000 10000 86 38
4 3 8 2 5 1 7 9 6 10
1 0 0
10 10000 0 0
