10
58740 169 111 13
8 3 9 2 4 1 5 7 6 10
1 0 0
4 92 1 0
68810 172 98 5
3 8 7 1 4 5 6 9 2 10
3 42 1
2 0 0 0
41051 158 98 32
6 9 3 8 7 1 4 5 2 10
1 0 0
3 10 0 0
46119 148 74 44
6 7 8 9 1 3 5 4 2 10
1 0 0
8 23 1 0
64875 161 78 42
5 8 9 4 6 7 1 2 3 10
4 0 0
4 79 1 0
55225 124 107 29
6 9 7 1 3 2 5 8 4 10
3 63 1
4 18 1 0
44108 146 70 6
4 8 3 6 2 9 5 1 7 10
3 70 1
3 10 0 0
67762 184 112 49
1 7 2 6 5 4 3 8 9 10
2 40 0
5 4 0 0
44030 198 92 24
2 9 7 1 5 8 3 6 4 10
3 2 1
8 94 1 0
100000 10000 76 38
4 7 3 1 8 6 9 2 5 10
1 0 0
10 10000 0 0
41589 199 113 45
9 1 8 3 2 5 6 7 4 10
3 41 1
1 120 0 0
67753 148 83 5
3 6 5 9 2 1 7 4 8 10
1 0 0
9 50 2 1409
59486 129 67 7
9 3 1 2 5 7 8 4 6 10
1 0 0
5 4 0 0
54812 154 114 50
6 8 2 1 9 5 3 7 4 10
2 3 0
5 3 0 0
48838 130 68 29
2 1 7 4 6 3 9 5 8 10
5 3204 6
9 84 1 880
42533 105 83 20
2 4 6 1 8 7 9 5 3 10
1 0 0
6 21 4 0
57828 157 98 26
9 6 7 5 4 8 2 1 3 10
1 0 0
6 10 1 0
48394 162 68 21
1 4 2 6 8 9 3 5 7 10
1 0 0
7 92 7 1542
59553 166 65 14
6 3 9 5 1 7 2 8 4 10
5 2235 9
9 66 2 751
100000 10000 108 42
4 1 8 9 7 3 6 2 5 10
1 0 0
10 10000 0 0
