10
67321 167 82 23
4 8 1 5 2 7 6 3 9 10
4 0 0
5 3 0 0

58861 189 77 49
3 5 7 9 2 4 1 8 6 10
2 12 0
7 84 4 3164

55169 124 65 47
5 4 1 8 3 6 2 7 9 10
2 12 0
2 0 0 0

62588 129 89 0
6 3 2 8 9 7 4 5 1 10
2 11 0
3 10 0 0

53958 112 116 4
8 7 2 5 6 4 3 9 1 10
3 28 1
3 10 0 0

78266 161 68 3
7 1 5 4 6 8 2 9 3 10
5 3789 8
9 16 2 25

40302 176 114 7
6 1 2 5 9 7 3 4 8 10
2 8 0
2 0 0 0

70299 145 95 41
5 9 4 3 2 6 7 8 1 10
5 2286 9
3 10 0 0

52898 133 66 1
7 8 5 9 6 3 1 2 4 10
1 0 0
9 93 1 517

100000 10000 120 38
1 9 6 2 4 8 7 5 3 10
1 0 0
10 10000 0 0

70293 143 120 37
6 7 5 1 9 2 4 8 3 10
2 38 0
1 78 0 0

51710 174 82 1
9 6 1 5 7 2 8 3 4 10
4 0 0
8 66 1 0

54730 125 97 46
7 8 5 3 9 2 4 6 1 10
1 0 0
9 81 3 1240

78802 180 67 43
4 8 7 5 3 9 2 6 1 10
4 0 0
3 10 0 0

47214 114 80 2
9 3 1 4 7 6 8 5 2 10
5 1955 7
2 0 0 0

78433 107 104 28
3 2 5 4 9 8 7 1 6 10
1 0 0
2 0 0 0

64931 182 98 50
7 2 6 1 9 4 5 3 8 10
5 608 10
3 10 0 0

78009 112 114 34
1 4 8 6 9 5 2 3 7 10
4 0 0
3 10 0 0

55649 105 89 6
8 4 2 9 6 5 7 3 1 10
2 35 0
8 92 1 0

100000 10000 83 14
7 2 6 5 4 9 3 1 8 10
1 0 0
10 10000 0 0

