10
63859 103 61 4
6 9 7 2 1 5 8 4 3 10
4 0 0
5 5 0 0
58295 124 85 21
1 3 4 5 6 9 8 7 2 10
3 16 1
6 27 4 0
68295 101 78 49
1 9 6 7 8 3 5 2 4 10
5 1856 10
1 92 0 0
56044 104 79 7
9 8 5 1 3 4 2 6 7 10
1 0 0
1 101 0 0
42298 169 91 5
6 3 9 8 1 5 4 2 7 10
4 0 0
1 82 0 0
55650 110 60 50
2 7 4 8 1 5 6 3 9 10
3 33 1
4 51 1 0
56843 191 108 9
4 9 3 5 8 2 1 6 7 10
3 24 1
8 26 1 0
73984 191 72 4
1 5 9 4 8 2 6 3 7 10
4 0 0
3 10 0 0
65553 152 69 47
7 1 4 9 2 6 3 5 8 10
3 30 1
8 27 1 0
100000 10000 70 28
5 7 6 1 8 4 9 2 3 10
1 0 0
10 10000 0 0
43258 160 98 43
9 1 3 2 5 7 8 4 6 10
3 61 1
6 63 3 0
58624 170 103 31
2 3 7 6 8 9 5 4 1 10
2 11 0
3 10 0 0
47645 123 110 19
8 1 2 7 9 6 3 5 4 10
1 0 0
4 86 1 0
68354 192 117 38
9 5 4 2 8 6 1 3 7 10
1 0 0
7 15 7 2693
72384 165 116 42
6 5 3 7 8 9 2 1 4 10
5 1197 2
7 78 1 978
52172 173 79 8
5 3 6 7 9 4 1 8 2 10
1 0 0
8 33 1 0
68931 155 77 46
2 7 9 4 6 1 5 3 8 10
2 1 0
1 108 0 0
66827 149 113 15
9 5 8 2 6 3 1 4 7 10
2 51 0
3 10 0 0
72422 171 92 25
7 5 3 9 8 1 4 2 6 10
1 0 0
4 41 1 0
100000 10000 75 12
6 1 8 7 3 4 5 2 9 10
1 0 0
10 10000 0 0
