10
68420 200 106 25
6 2 4 9 3 5 7 8 1 10
1 0 0
4 59 1 0

60080 162 69 23
3 7 2 9 5 4 6 8 1 10
4 0 0
4 59 1 0

60731 135 104 17
1 3 6 2 7 8 5 4 9 10
4 0 0
2 0 0 0

53210 160 108 7
3 2 1 9 6 7 8 4 5 10
4 0 0
2 0 0 0

77812 128 76 38
8 6 4 7 9 5 2 3 1 10
2 54 0
7 25 3 3984

74196 165 92 33
4 2 5 6 9 7 1 8 3 10
4 0 0
6 72 3 0

66608 152 61 40
7 8 6 3 2 4 1 5 9 10
3 10 1
3 10 0 0

67640 193 75 49
7 3 9 8 1 4 2 5 6 10
1 0 0
5 4 0 0

58335 118 89 48
4 2 7 1 9 3 6 5 8 10
3 2 1
9 95 1 400

100000 10000 84 41
3 9 4 7 8 2 1 6 5 10
1 0 0
10 10000 0 0

48556 153 83 44
2 9 6 7 4 5 1 3 8 10
3 73 1
2 0 0 0

63908 160 70 37
9 7 6 3 4 2 1 5 8 10
1 0 0
1 89 0 0

40998 187 114 17
6 2 1 9 3 4 7 5 8 10
2 37 0
3 10 0 0

56714 129 60 39
5 7 2 9 6 1 3 8 4 10
3 72 1
9 14 2 608

66459 167 65 45
4 7 9 6 1 3 2 8 5 10
4 0 0
3 10 0 0

47024 118 120 23
2 7 3 5 4 8 1 6 9 10
4 0 0
3 10 0 0

73847 199 94 50
8 1 9 3 7 5 2 6 4 10
1 0 0
1 83 0 0

45295 192 95 36
7 5 2 8 3 1 6 4 9 10
2 10 0
2 0 0 0

53647 183 60 3
6 1 2 9 7 4 3 8 5 10
4 0 0
5 4 0 0

100000 10000 106 45
3 8 7 5 9 6 2 1 4 10
1 0 0
10 10000 0 0

