10
77000 172 78 24
8 9 4 5 6 7 1 2 3 10
3 50 1
7 68 7 3104
55305 103 113 13
9 6 3 1 2 4 5 7 8 10
4 0 0
6 10 2 0
42065 103 96 50
5 4 1 8 2 6 9 7 3 10
5 3201 9
6 90 1 0
54543 146 94 17
8 3 2 5 7 1 9 6 4 10
5 48 1
5 4 0 0
76338 139 76 48
7 6 9 5 8 2 3 1 4 10
3 66 1
9 84 3 1599
63208 152 96 3
2 3 1 4 5 7 9 8 6 10
2 32 0
4 73 1 0
70912 168 90 0
3 7 4 5 2 9 6 8 1 10
4 0 0
5 2 0 0
49048 192 64 15
5 2 7 6 8 4 1 9 3 10
5 2368 2
5 3 0 0
73750 106 64 1
5 1 9 8 3 2 4 7 6 10
3 71 1
9 31 3 1230
100000 10000 69 1
3 6 7 2 4 1 5 8 9 10
1 0 0
10 10000 0 0
44509 114 84 44
1 8 4 2 3 9 7 5 6 10
2 43 0
1 72 0 0
50591 161 105 0
5 1 3 4 7 2 9 6 8 10
2 49 0
6 35 1 0
55560 179 118 40
7 4 9 2 6 5 1 3 8 10
4 0 0
1 83 0 0
58076 124 89 42
7 2 6 9 4 1 5 8 3 10
1 0 0
7 56 6 2746
63452 107 119 25
1 6 9 7 5 3 4 2 8 10
1 0 0
3 10 0 0
60317 116 99 46
4 3 8 5 9 1 6 2 7 10
2 39 0
4 57 1 0
55282 175 86 33
2 5 3 7 8 4 6 1 9 10
5 2794 8
4 63 1 0
60468 136 62 2
7 6 9 8 3 2 5 4 1 10
1 0 0
6 82 3 0
52976 144 64 24
9 5 3 6 4 2 1 8 7 10
1 0 0
7 31 7 3652
100000 10000 94 47
3 7 4 2 8 1 5 9 6 10
1 0 0
10 10000 0 0
