10
78347 143 100 34
2 3 8 7 5 6 1 9 4 10
4 0 0
2 0 0 0
74985 178 67 41
5 7 8 1 2 6 9 4 3 10
3 75 1
8 71 1 0
75969 157 105 11
7 5 3 2 9 6 4 1 8 10
2 16 0
3 10 0 0
44816 133 115 23
9 3 4 7 5 6 8 1 2 10
4 0 0
2 0 0 0
79773 168 85 11
8 6 3 5 4 7 2 9 1 10
2 27 0
4 50 1 0
73951 172 96 17
7 2 4 1 3 6 9 8 5 10
5 3809 3
7 88 2 3395
55123 194 76 40
7 5 8 9 1 4 3 2 6 10
1 0 0
3 10 0 0
63638 154 109 50
1 2 8 6 9 3 5 4 7 10
1 0 0
3 10 0 0
77548 122 99 20
4 3 6 1 2 7 5 9 8 10
4 0 0
2 0 0 0
100000 10000 103 48
1 5 4 7 6 9 2 8 3 10
1 0 0
10 10000 0 0
79103 180 108 29
3 1 8 9 5 4 6 2 7 10
2 46 0
1 61 0 0
45441 101 84 3
7 2 9 6 4 3 1 8 5 10
3 53 1
1 94 0 0
59478 182 61 37
7 1 3 6 4 8 2 9 5 10
5 1951 10
6 74 2 0
78479 114 95 39
4 2 3 8 1 5 6 7 9 10
2 1 0
9 24 1 897
54629 102 73 3
5 2 3 8 1 6 9 7 4 10
4 0 0
5 5 0 0
46074 123 75 9
9 2 3 7 1 4 5 6 8 10
3 10 1
5 5 0 0
49605 138 71 31
3 8 6 7 9 5 1 4 2 10
1 0 0
4 90 1 0
65566 191 61 43
6 1 5 8 2 7 4 3 9 10
5 526 6
3 10 0 0
77439 170 92 29
7 3 4 1 9 5 8 6 2 10
3 18 1
2 0 0 0
100000 10000 66 26
8 7 5 9 1 4 2 3 6 10
1 0 0
10 10000 0 0
