10
77481 141 72 44
2 5 7 8 9 4 6 3 1 10
4 0 0
1 83 0 0

74067 155 83 39
6 7 3 2 5 9 1 8 4 10
4 0 0
9 71 3 521

67204 125 70 28
7 1 8 9 5 2 3 6 4 10
1 0 0
3 10 0 0

63603 135 84 44
2 7 6 4 8 3 9 1 5 10
4 0 0
9 15 1 1435

78389 101 61 33
2 3 6 5 8 1 4 7 9 10
2 48 0
3 10 0 0

61061 108 64 48
2 9 1 5 4 8 7 6 3 10
4 0 0
4 41 1 0

62285 142 79 13
8 6 5 1 3 7 4 2 9 10
3 30 1
6 4 1 0

79538 141 101 19
6 2 3 9 8 5 4 7 1 10
1 0 0
8 56 1 0

76444 175 112 7
5 4 7 1 3 6 9 2 8 10
3 15 1
9 13 3 1543

100000 10000 65 15
8 6 5 9 2 4 3 7 1 10
1 0 0
10 10000 0 0

43506 118 99 23
4 7 2 9 1 5 3 8 6 10
2 55 0
4 70 1 0

57760 180 112 48
3 5 2 1 9 4 7 6 8 10
3 64 1
5 1 0 0

66913 101 102 28
7 2 8 4 9 6 5 1 3 10
4 0 0
1 94 0 0

65746 146 98 40
5 2 7 6 1 3 8 4 9 10
3 42 1
8 66 1 0

60100 151 112 37
1 8 9 4 2 3 5 6 7 10
2 41 0
6 24 2 0

63897 138 64 9
6 9 2 4 5 7 3 1 8 10
3 7 1
3 10 0 0

74593 178 118 12
5 2 3 1 6 9 4 7 8 10
2 34 0
5 3 0 0

77059 123 87 13
5 4 2 9 3 1 7 6 8 10
4 0 0
3 10 0 0

51709 175 66 9
4 8 6 1 7 9 5 2 3 10
5 3281 8
6 97 3 0

100000 10000 88 37
5 9 4 7 8 2 3 1 6 10
1 0 0
10 10000 0 0

