10
38621 186 97 3
9 8 6 4 7 1 2 3 5 10
2 14 0
5 2 0 0

25505 100 67 18
6 9 2 8 1 7 3 4 5 10
1 0 0
4 27 1 0

25233 181 88 0
4 6 3 2 1 7 8 5 9 10
3 41 1
9 47 1 867

27339 178 70 15
9 3 2 8 6 4 1 5 7 10
1 0 0
4 17 1 0

27912 181 91 16
7 6 1 3 8 9 4 5 2 10
4 0 0
8 16 1 0

45390 120 96 7
2 1 6 9 8 7 5 3 4 10
2 31 0
8 32 1 0

32890 122 61 14
1 9 4 2 5 7 3 6 8 10
5 411 6
3 10 0 0

27882 135 77 2
1 3 4 8 5 9 2 7 6 10
4 0 0
9 45 1 632

39565 174 61 9
8 3 2 5 4 1 9 6 7 10
5 2444 6
2 0 0 0

100000 10000 82 5
9 1 2 6 3 5 7 4 8 10
1 0 0
10 10000 0 0

29717 115 88 20
9 4 1 7 2 6 3 5 8 10
4 0 0
3 10 0 0

41156 152 85 20
5 2 1 3 6 9 7 4 8 10
4 0 0
4 21 1 0

33157 162 90 0
1 9 7 8 4 5 2 3 6 10
2 38 0
5 1 0 0

34301 147 81 4
6 4 8 9 3 2 5 7 1 10
2 26 0
3 10 0 0

45541 149 93 8
9 7 1 5 8 4 6 2 3 10
4 0 0
6 8 2 0

34298 147 62 15
8 4 5 7 6 1 2 9 3 10
1 0 0
4 20 1 0

41078 146 90 1
5 1 8 4 3 2 9 6 7 10
3 49 1
7 47 4 361

41588 172 60 4
1 9 4 2 7 6 8 5 3 10
5 866 10
3 10 0 0

33375 159 51 4
1 9 6 7 2 8 4 5 3 10
2 15 0
1 79 0 0

100000 10000 68 0
3 5 6 4 2 7 1 9 8 10
1 0 0
10 10000 0 0

