10
46060 112 94 3
6 7 9 2 8 3 1 5 4 10
4 0 0
9 68 1 1539

66847 100 84 8
1 4 7 6 5 8 3 2 9 10
2 53 0
8 46 1 0

43537 141 107 39
2 3 5 7 6 9 1 4 8 10
4 0 0
3 10 0 0

78346 192 84 46
5 8 4 6 7 2 9 3 1 10
2 60 0
6 1 3 0

59985 100 105 10
2 7 5 1 8 4 3 6 9 10
5 2099 1
2 0 0 0

51942 190 92 37
9 2 6 8 4 1 3 5 7 10
2 26 0
9 21 2 1152

49905 184 60 38
3 2 1 6 4 9 7 5 8 10
1 0 0
6 50 2 0

46858 124 65 38
8 7 3 1 9 5 6 2 4 10
2 3 0
5 4 0 0

52083 198 79 23
9 3 6 4 1 7 2 5 8 10
5 2826 4
8 47 1 0

100000 10000 101 0
3 2 6 1 9 4 5 8 7 10
1 0 0
10 10000 0 0

64450 170 71 42
3 6 7 5 4 9 8 1 2 10
2 49 0
9 89 3 513

51161 179 64 22
7 5 9 1 2 4 3 8 6 10
5 1842 3
1 90 0 0

78769 126 70 2
9 5 1 2 4 3 7 6 8 10
4 0 0
8 8 1 0

42433 149 97 4
9 3 2 6 1 7 4 8 5 10
5 2096 6
6 72 4 0

72336 172 76 23
5 1 9 4 6 7 8 3 2 10
3 20 1
1 116 0 0

74793 116 69 13
3 5 1 8 6 2 9 7 4 10
5 1671 1
7 40 5 980

53140 127 77 11
3 6 1 7 4 5 9 8 2 10
2 55 0
6 40 2 0

67840 120 111 36
5 6 2 4 1 7 8 9 3 10
1 0 0
8 53 1 0

76462 136 83 34
2 9 6 5 3 4 8 7 1 10
5 1394 10
2 0 0 0

100000 10000 112 29
4 9 8 6 3 2 7 1 5 10
1 0 0
10 10000 0 0

