10
54641 185 66 39
7 6 4 2 3 1 8 5 9 10
1 0 0
8 39 1 0

49728 139 66 8
4 2 1 3 7 8 5 6 9 10
5 1511 9
8 95 1 0

45718 116 86 4
2 9 6 7 8 1 3 5 4 10
3 5 1
2 0 0 0

67876 194 76 44
1 7 8 5 3 2 6 4 9 10
3 36 1
2 0 0 0

58584 118 67 47
8 4 2 7 5 3 6 1 9 10
1 0 0
7 99 3 793

43309 127 101 29
7 2 1 8 6 3 9 5 4 10
4 0 0
9 45 2 865

47049 149 109 34
6 7 9 4 8 5 3 2 1 10
3 77 1
2 0 0 0

71719 118 71 10
9 6 3 7 4 8 2 1 5 10
4 0 0
7 72 4 1685

59647 179 81 15
3 1 2 8 5 4 9 6 7 10
1 0 0
9 97 3 1490

100000 10000 110 36
3 6 7 4 9 1 8 5 2 10
1 0 0
10 10000 0 0

76830 153 119 39
7 6 9 5 2 1 4 3 8 10
5 756 5
7 78 3 2771

69894 198 70 36
5 1 8 6 3 2 9 4 7 10
3 25 1
1 113 0 0

50831 193 105 2
9 1 6 5 7 2 8 3 4 10
1 0 0
5 5 0 0

65763 148 77 12
7 3 1 6 8 5 9 4 2 10
1 0 0
8 6 1 0

41042 161 107 46
7 3 4 5 6 1 2 9 8 10
3 19 1
8 45 1 0

50490 142 96 32
2 9 3 7 4 6 1 5 8 10
5 3424 8
3 10 0 0

62196 154 76 2
6 7 1 4 8 9 5 3 2 10
2 60 0
1 69 0 0

45093 109 76 7
9 7 6 1 8 4 5 2 3 10
4 0 0
8 41 1 0

63993 169 102 12
9 7 3 5 6 1 2 8 4 10
1 0 0
3 10 0 0

100000 10000 117 13
2 9 7 4 3 5 8 6 1 10
1 0 0
10 10000 0 0

