10
53774 140 98 11
2 1 4 5 6 3 9 8 7 10
1 0 0
6 26 2 0

46330 122 112 3
9 4 1 2 5 7 6 8 3 10
5 2281 2
9 63 2 303

63957 168 76 16
4 1 8 5 2 6 3 7 9 10
5 1611 1
7 35 3 726

73417 149 116 37
8 3 1 9 7 6 4 2 5 10
4 0 0
6 84 3 0

71319 199 75 45
9 7 3 2 5 8 4 1 6 10
3 9 1
3 10 0 0

67604 129 103 19
5 6 1 4 2 9 3 8 7 10
2 59 0
6 85 2 0

51112 180 61 16
3 2 5 1 7 9 4 8 6 10
4 0 0
9 84 3 1452

43592 169 92 11
3 6 8 1 2 9 5 7 4 10
1 0 0
5 2 0 0

54925 114 64 26
8 1 7 5 9 3 4 2 6 10
3 19 1
4 61 1 0

100000 10000 120 25
6 3 1 4 5 2 9 8 7 10
1 0 0
10 10000 0 0

67037 120 60 34
7 6 5 2 8 9 1 3 4 10
1 0 0
4 72 1 0

72869 156 85 14
4 3 1 6 9 5 7 8 2 10
2 43 0
3 10 0 0

74432 116 97 7
2 7 3 9 4 8 5 6 1 10
5 361 7
6 86 1 0

52628 194 120 45
7 5 3 9 2 1 8 6 4 10
5 1736 4
6 67 3 0

61172 124 117 27
4 6 9 7 3 5 8 2 1 10
2 27 0
3 10 0 0

66188 168 113 25
5 4 6 2 1 9 3 7 8 10
4 0 0
2 0 0 0

71505 195 65 38
1 5 9 3 2 6 8 4 7 10
1 0 0
5 2 0 0

49560 154 71 3
6 7 1 5 2 8 4 3 9 10
1 0 0
7 56 6 3672

75621 123 68 28
2 6 7 1 4 3 9 8 5 10
2 1 0
6 40 1 0

100000 10000 62 49
6 2 4 5 9 3 1 8 7 10
1 0 0
10 10000 0 0

