10
62354 154 60 47
8 1 4 9 3 7 2 6 5 10
3 68 1
8 98 1 0

40099 106 93 17
8 5 3 2 7 1 4 6 9 10
1 0 0
9 98 2 382

52984 147 114 14
2 3 4 5 6 7 9 8 1 10
3 38 1
5 5 0 0

43459 179 78 25
1 5 4 3 6 9 7 8 2 10
3 36 1
9 20 3 405

68862 177 96 29
2 9 5 8 3 7 4 1 6 10
3 78 1
6 63 4 0

49942 185 113 31
4 7 2 6 5 9 8 3 1 10
1 0 0
3 10 0 0

41449 185 70 41
1 3 4 2 9 6 7 5 8 10
2 24 0
9 90 2 1379

66686 186 76 18
9 8 6 2 3 7 4 5 1 10
1 0 0
1 64 0 0

43890 127 82 23
5 8 4 2 9 7 6 3 1 10
5 712 10
8 97 1 0

100000 10000 93 31
6 4 2 7 9 3 5 1 8 10
1 0 0
10 10000 0 0

42418 108 72 3
3 4 9 2 7 8 5 1 6 10
1 0 0
2 0 0 0

69624 143 84 40
2 5 9 6 7 3 4 8 1 10
5 2986 5
5 2 0 0

76394 123 91 49
8 9 4 1 7 6 2 3 5 10
1 0 0
4 21 1 0

43538 112 83 14
9 6 5 1 2 3 7 4 8 10
4 0 0
5 2 0 0

44908 105 103 37
6 3 8 2 1 4 9 5 7 10
1 0 0
5 3 0 0

64428 167 83 24
8 4 2 6 3 7 1 9 5 10
3 30 1
7 19 3 2635

76612 151 106 3
5 7 2 6 8 9 4 3 1 10
1 0 0
6 56 2 0

76810 129 102 33
6 9 1 4 5 3 8 7 2 10
1 0 0
9 81 2 954

69300 182 97 16
8 3 1 9 2 5 6 7 4 10
4 0 0
6 54 1 0

100000 10000 81 45
9 2 4 1 6 3 8 5 7 10
1 0 0
10 10000 0 0

