10
63701 109 92 31
3 9 4 6 7 2 1 5 8 10
3 9 1
7 95 6 1924

78592 103 95 32
2 4 7 3 6 8 5 9 1 10
2 46 0
1 70 0 0

47030 197 88 39
7 6 2 4 1 5 9 3 8 10
4 0 0
8 14 1 0

75275 146 110 41
4 8 1 6 2 7 3 5 9 10
3 15 1
8 69 1 0

70023 115 94 33
1 9 6 8 2 7 5 4 3 10
3 79 1
6 51 4 0

45995 187 74 28
5 9 6 7 1 8 2 3 4 10
3 24 1
1 89 0 0

60465 145 95 11
1 3 7 6 8 4 2 9 5 10
5 2341 10
5 2 0 0

57399 143 111 48
2 5 6 9 7 4 8 1 3 10
5 1765 3
1 67 0 0

70342 139 77 42
8 2 3 9 5 6 4 7 1 10
2 58 0
9 63 1 1219

100000 10000 71 15
8 1 6 4 7 5 3 9 2 10
1 0 0
10 10000 0 0

41141 112 89 36
5 7 6 3 1 9 4 2 8 10
4 0 0
6 44 3 0

48676 170 116 15
4 2 3 8 5 1 7 6 9 10
3 12 1
4 42 1 0

45053 153 107 30
7 2 4 9 8 1 3 6 5 10
1 0 0
5 1 0 0

69951 109 109 33
7 4 9 3 8 2 5 6 1 10
2 48 0
5 1 0 0

56578 158 102 23
7 6 5 3 9 8 2 4 1 10
1 0 0
7 85 7 2684

49900 155 116 10
8 7 9 5 1 2 6 3 4 10
1 0 0
8 48 1 0

68736 141 111 7
6 8 7 9 5 3 2 4 1 10
4 0 0
7 75 4 1480

68421 186 114 47
4 1 2 6 8 5 7 3 9 10
4 0 0
3 10 0 0

72187 176 117 44
3 7 9 2 1 5 4 6 8 10
3 19 1
2 0 0 0

100000 10000 82 50
1 3 9 6 5 8 7 2 4 10
1 0 0
10 10000 0 0

