10
64682 146 90 12
6 1 7 2 4 3 8 5 9 10
5 1903 6
9 43 1 1289
67209 190 79 18
8 6 4 2 5 3 9 7 1 10
3 7 1
7 48 2 234
60297 198 77 3
5 6 8 9 1 7 2 3 4 10
2 21 0
1 93 0 0
77576 129 86 1
2 4 3 6 1 9 8 5 7 10
5 1742 8
5 2 0 0
70337 191 80 3
4 3 1 6 8 5 2 9 7 10
5 1190 1
3 10 0 0
48545 176 81 11
5 9 6 4 2 1 7 8 3 10
5 3583 10
2 0 0 0
78659 182 91 4
3 7 2 1 4 5 9 8 6 10
3 20 1
4 81 1 0
55852 113 70 12
6 3 7 9 2 1 4 8 5 10
4 0 0
4 14 1 0
50377 117 84 10
6 7 9 3 4 1 5 2 8 10
2 20 0
9 58 1 1544
80000 8000 75 2
3 8 5 6 4 9 7 2 1 10
1 0 0
10 8000 0 0
63709 104 54 2
1 2 4 7 9 6 5 8 3 10
3 2 1
3 10 0 0
48202 110 97 15
1 4 3 7 5 6 8 2 9 10
1 0 0
8 97 1 0
47614 162 72 15
5 7 1 2 4 8 3 6 9 10
4 0 0
1 82 0 0
65216 153 89 15
8 6 3 7 9 1 5 2 4 10
5 645 1
4 3 1 0
77796 104 52 5
8 1 3 9 7 4 2 5 6 10
4 0 0
3 10 0 0
43926 187 51 0
4 5 2 7 9 1 3 8 6 10
4 0 0
2 0 0 0
63775 175 80 15
6 4 2 1 9 8 3 7 5 10
3 53 1
5 1 0 0
78706 191 100 16
1 2 4 3 9 6 8 7 5 10
5 2915 4
4 33 1 0
53229 118 100 14
3 7 8 9 4 6 5 1 2 10
1 0 0
1 50 0 0
80000 8000 54 10
4 3 2 6 8 5 7 9 1 10
1 0 0
10 8000 0 0
