10
63815 160 97 7
7 1 4 5 6 9 3 8 2 10
1 0 0
9 69 1 805

53177 161 55 3
6 3 1 9 2 5 7 4 8 10
3 73 1
7 52 6 2807

70853 141 74 6
6 4 7 2 8 3 1 5 9 10
5 2420 8
3 10 0 0

41777 136 99 16
7 4 1 2 3 9 6 8 5 10
5 3441 5
7 50 2 962

43686 158 83 10
3 5 6 9 8 7 4 1 2 10
1 0 0
5 1 0 0

59900 151 57 0
2 4 5 1 8 9 7 3 6 10
4 0 0
1 100 0 0

71147 140 65 1
6 1 7 3 8 2 4 9 5 10
1 0 0
4 78 1 0

43605 155 62 20
2 5 3 1 7 6 9 4 8 10
5 2001 10
9 4 1 1133

53813 115 92 14
4 8 3 1 5 9 7 2 6 10
2 21 0
4 21 1 0

80000 8000 62 16
9 3 6 4 5 2 1 8 7 10
1 0 0
10 8000 0 0

65015 164 83 11
4 2 8 3 9 6 7 1 5 10
5 1802 4
4 99 1 0

49977 192 93 6
3 1 2 8 6 7 5 9 4 10
5 3817 10
6 67 2 0

66414 137 65 6
8 4 5 9 6 2 3 1 7 10
3 23 1
1 95 0 0

78857 132 63 4
7 9 2 3 6 8 4 5 1 10
1 0 0
7 67 5 1809

51115 159 66 3
7 4 6 8 3 2 1 9 5 10
5 1335 5
7 64 2 7

53628 143 79 13
9 5 6 8 1 3 7 4 2 10
5 3615 3
5 2 0 0

56537 170 80 13
7 9 5 2 6 1 4 8 3 10
5 1985 2
4 89 1 0

53541 121 67 8
2 9 5 7 8 4 3 1 6 10
4 0 0
3 10 0 0

64751 158 80 0
3 9 1 8 6 7 5 2 4 10
1 0 0
2 0 0 0

80000 8000 87 13
7 9 3 6 5 8 4 1 2 10
1 0 0
10 8000 0 0

