10
77823 114 76 12
8 2 4 1 7 3 6 5 9 10
4 0 0
2 0 0 0

47938 153 65 16
9 5 8 3 6 2 4 1 7 10
1 0 0
8 16 1 0

44102 106 83 11
7 3 1 9 4 8 5 2 6 10
1 0 0
9 32 1 405

65500 184 83 19
1 5 3 2 8 7 4 6 9 10
4 0 0
3 10 0 0

60476 185 56 11
9 2 8 1 5 4 6 7 3 10
4 0 0
5 1 0 0

77107 195 76 12
7 8 4 2 3 1 6 9 5 10
2 50 0
4 65 1 0

42154 122 69 1
6 9 1 4 7 3 8 2 5 10
1 0 0
7 14 1 1225

48604 132 60 0
9 8 7 5 1 2 6 3 4 10
2 18 0
8 16 1 0

74690 197 90 2
9 1 7 8 5 6 2 4 3 10
4 0 0
2 0 0 0

80000 8000 79 1
7 3 1 6 2 4 9 8 5 10
1 0 0
10 8000 0 0

46159 158 86 13
7 9 3 5 8 2 4 1 6 10
5 1511 3
4 61 1 0

58562 108 88 7
6 5 7 4 1 9 2 8 3 10
2 23 0
4 83 1 0

68291 192 98 7
4 5 7 9 8 2 1 3 6 10
4 0 0
1 63 0 0

48058 174 79 20
7 8 2 3 5 9 4 6 1 10
4 0 0
7 5 4 957

41074 116 92 11
8 3 6 4 7 1 2 9 5 10
4 0 0
9 13 1 1442

78448 171 56 13
1 8 7 3 2 5 9 6 4 10
3 29 1
9 50 1 338

46394 146 64 15
9 4 8 1 3 7 6 2 5 10
1 0 0
3 10 0 0

56937 169 68 7
8 4 5 1 7 2 9 3 6 10
1 0 0
4 77 1 0

55215 134 97 0
6 8 3 1 9 4 7 5 2 10
4 0 0
9 79 1 812

80000 8000 90 13
8 9 5 4 3 2 1 6 7 10
1 0 0
10 8000 0 0

