10
79170 129 58 15
5 2 8 1 7 9 3 4 6 10
1 0 0
9 56 1 305

58505 191 67 9
5 9 4 1 2 6 7 8 3 10
5 1816 10
1 89 0 0

42133 169 89 12
7 6 9 1 4 2 3 5 8 10
5 3643 8
8 46 1 0

67374 139 69 15
1 5 3 7 4 8 2 9 6 10
3 49 1
9 12 1 522

52371 162 52 4
8 6 1 9 7 3 2 4 5 10
1 0 0
5 1 0 0

51137 135 90 18
4 1 8 3 6 9 2 5 7 10
3 65 1
1 65 0 0

76748 169 55 9
1 5 4 2 8 3 9 7 6 10
2 1 0
4 80 1 0

68242 115 65 6
2 6 5 8 9 1 3 4 7 10
4 0 0
5 1 0 0

44970 101 65 3
6 9 2 1 3 8 4 7 5 10
5 727 5
9 12 1 1148

80000 8000 90 16
2 7 5 3 6 1 4 9 8 10
1 0 0
10 8000 0 0

70042 177 84 16
5 1 3 7 8 4 6 2 9 10
1 0 0
3 10 0 0

64754 125 53 15
8 4 7 2 3 1 6 5 9 10
2 6 0
9 9 1 239

76946 135 54 16
5 8 4 1 7 3 9 2 6 10
2 44 0
8 5 1 0

75378 187 100 3
7 3 6 4 9 8 1 2 5 10
5 264 4
2 0 0 0

68580 180 89 7
6 9 5 3 8 7 1 2 4 10
2 19 0
3 10 0 0

60451 196 58 12
3 2 6 4 9 5 1 7 8 10
2 10 0
8 85 1 0

50085 177 98 16
1 8 6 4 2 5 7 3 9 10
4 0 0
5 1 0 0

41326 149 93 19
2 7 5 1 4 6 8 3 9 10
2 36 0
9 14 1 368

70926 126 89 17
4 1 5 6 7 8 2 9 3 10
2 15 0
2 0 0 0

80000 8000 86 11
9 8 1 4 7 6 5 2 3 10
1 0 0
10 8000 0 0

