10
78303 184 65 18
1 2 9 8 3 4 6 5 7 10
1 0 0
6 24 2 0

51340 102 92 0
8 4 1 7 3 6 9 2 5 10
1 0 0
7 28 2 3870

59788 184 66 7
9 5 3 7 4 6 2 8 1 10
2 7 0
1 67 0 0

58049 189 86 12
5 3 4 6 8 7 1 2 9 10
5 1185 8
5 1 0 0

44159 150 92 12
8 6 3 2 5 9 4 1 7 10
3 5 1
8 22 1 0

59953 156 60 13
3 8 2 5 4 7 1 6 9 10
2 34 0
3 10 0 0

70604 148 61 2
4 5 3 6 1 8 7 9 2 10
3 70 1
7 3 3 1525

69489 136 99 15
5 1 2 9 6 8 7 3 4 10
3 74 1
2 0 0 0

49218 128 58 12
4 8 1 3 9 6 5 2 7 10
5 2931 10
3 10 0 0

80000 8000 67 19
5 7 4 8 9 2 6 3 1 10
1 0 0
10 8000 0 0

68396 108 59 19
4 3 1 6 5 7 2 8 9 10
5 396 8
5 2 0 0

74089 185 82 3
5 4 7 6 9 2 8 3 1 10
1 0 0
4 81 1 0

78170 167 88 4
8 5 3 9 6 4 7 1 2 10
4 0 0
8 6 1 0

72585 182 72 0
8 3 2 5 1 7 9 6 4 10
5 161 1
7 42 4 3453

76520 114 84 5
5 2 7 8 3 6 9 1 4 10
5 2336 9
2 0 0 0

52892 150 52 16
4 3 8 7 9 6 1 5 2 10
3 5 1
2 0 0 0

52232 190 90 0
9 3 5 8 4 7 6 2 1 10
5 2725 10
1 85 0 0

40547 131 77 19
4 7 6 1 2 8 5 3 9 10
1 0 0
6 44 1 0

70732 159 75 12
3 4 8 1 5 6 2 7 9 10
5 1270 5
4 70 1 0

80000 8000 90 10
5 6 4 7 3 1 9 8 2 10
1 0 0
10 8000 0 0

