10
78214552826936015418876000309323129905349 24585117704244856361228282272029311704001 51005290248897818387899916730165118554406
88714777169640730634907113603373167122443 84450825895088635571495145459048155395617 11159609184647950995710890791305366765977
95570698956828478506033635086830264693101 55958334522610699955657083831394185066447 94223399634843950350791991756402788477055
87855091153931539750886081491123679536385 44990773778419271602198504117947464697499 78448491515044946640324692254131770665119
79036889657930055690211540984541002583509 88515732730209369136252528667204225698379 27923936280386163790122159359164712491866
77204770635004815498417629506931838599990 34242125537067693611571912128023176148211 9720442160882530419674547249876185677410
46627781625794749423535718725566231674594 13597006238366602806935168160221337977831 93589378956373065099397022935179751799306
33635046316598429770929170301649927405709 51224055754953246154140862261439887860314 54300383530706414826887284132286405333315
76284205146315015541258525308268225887119 7406617484850727682382432083036857509477 49528862801971746729706797483554089174937
34621961471317263268829636945072143326499 98756978836880204494817814323626197134099 84698887953369183171107193421147277332358
