12278791305693850732453501023059364870113715403896864545746784987812700087775974189552246283256818106532503439973114497001943261696980185728449207308761620570812208740285500414357366251607979962758692548924782711459052956666368260444677539792388324093794819926756744562568890658027702888426612290603642235544460262444908360638074607300407704106324521177544969250734944809801835859968959779736101440655718766302313337204622204780690529610343287946244083536083916698721748394074560092527964839058059009
-1
1684063654162196842173342206417464556332185768092272195586994792428044722591963879058290286112417760246673424198792319652403337816820083317326931336092556707786285037678795692387280510908104873132851648266402256394708139568992063786486239873204746536369324173093339489920439757001698383879591888602059099881741398344633383258033071448011750828599313932662792206213937294256247477606045410633808880165148476397368967734670917639742433057465382342310489218610376804328044116778113750194861199098949661
142742284942139624193191451324012045693217855356339749544139770553871474162017025216631870008611373006135404665054962896648130949097284837214555275910873138893291202140152972223605782290581620057101932416525322175406492371940680347375341922871306774441735228467501496270448495088306345864235792007299208765959252669843159596306645280416934972210973069061268872134885330105274918487006367985404338199845970455059097984989220356353897299270326433492027284648616767826930276312251639896753200070658357
61710506498635154928123532912799857629745460125819746671148966001076627619119232422041203820730119014307523364517146013862422323702026853930239744064984497932905345744074889180255614694141613532886157811845744463819588936254730451966809969579983300227846383459048237916580495768774643979775519034554775973759441716366196942626309761104609685487412791508859169918549767704558233827942083273671145325126531064779528249864670684116904037201108084295229351650969566013310812526813129343819179514114037843
7359124247134005524766289664954073543191706786174290629399871095298742596436736232508157335782858416678514399589334295358158792633233141495974939123121838903382152584095433078260458623362275736663119474536656243154447598752461159929391526111118955873439414737564039237965112286590473582768310164048067919113341595472117728531351474617302663870195741626612971841265205936761319930476045347080391593438382146727636573337551552422078109483952108264916187549066846683873546244513338569173251717192879887
12178064791180083263832824010567065861984381454433107158469554841641263417659309802908336760739552418218181582938321763958286208173389107447916223471428491864989676232540887693959099711040746525715106896124748605791305955121691724572844349382130559311387661173650315283758505327398038632996897404515986293848603118357545314384829019625906316128533878839561634721856611284973218673750304160122950100402284186867345005728300038391835398436803111835878139327381805147584978832278372065730841243795828767
548233406894941294432374100096857565934305312274011303976392758328892965348556931986729089094853305006081685808108292875300696369917527061970854309124826880419368956267344198184906572196691300799424573068796768587639677272438824760094612835516372719691285064472277183466453031844680171970045003789805731302407671164220573308784907950045739482905044129527240371969500415473082312442293091010579219791544657630531530531317151953029720412208870348554625445568565920786136065983782569370677288826286329
727311286741678495077262556032547315371147382838326422414975455307415012322168273180234324343070456745925766272244050678621028167093639260983693813529756913230897727568966349429998769878223217910534900151205541867981056364745579027859449656059065390060058830504949651220202586171145568112536496810429606960390977081095593378820806249579791019149421901032825430722329429881572042464349206935103627839683861508921113511132334164128454825410051022026139241402003669088596920514037479836819582418566029
14202332795032395349905556169378071653346930421773716527466384831423251328015338533855318157977708537955785660848754485456468670885447089184530154748509237017133738103768925728893570498864424331837399469102332305575658456935234703084232544528968765502828847190724572458866840071400246425838986681049894010002488480777262185503879426635881941038946001288610424079891585941030755421912452288695688994796605326485955519995582830793666123855648856601444746809961655090826800487786269294412983713725755733
