10
74969639991753133 1699853335861248 43504576159716
267691189008221775 15521442597613680 358509241558832
741843360082014021 1976240286119892 3426858453420
767701138927858089 6452870832032768 1060101361238016
852803801133196589 29383026442557956 2561823841107720
280667396691775089 1154666859850264 194576114443382
18648084031551229 14976485702229792 572851242152640
375617921677938079 18112572999386668 118527783032880
725552384766374777 4692495672015120 1488014897781600
483712319954172763 38293010659017400 1077814440560000
