5277730020379095892120305111837371755565696313656482777701338945553327428264525574453784032559541630029849115448258787039553168493024058629737017999079672427241683162633016815622958192766522667971072007316591648252508825595144271885175184246899888981723678695055430176276722159392727071703329910615331713069194721837888877809699300140611525824875810360488025093249417973537697000545588652201908224840091842556417221757930076893907090078959623433958187729833140171715078819663613268953618487213509981
-1
88780526692520226905793622195185227096384141758400658584812446073088860192696816041890248568370953334387319473879586283184288508527296977569017481298225610854897361203937538414342991915261947902060510450160948803695977785279632369911040003813762790898292315548414823233449679413884016507898560465462669302485231124292321400644693599009984220242027910083590615747030884340015501178078673263037216851991674512660207365789478337839400293192745756290989032960993151822414202913644102933894899754442782694
33319796749814988435546227808849703897220129738879708373584508196390756474101437798941746468014416633380047606373751800675365497869996159750991981385624665046349881140318884485222614136184234144341262764172272374908863327162572444544072768958158803516079232501534647639897720380401944349631572468945615501294618458453845317520236932983665337916390983139461322719929504677550177661209587741348663239369815304831433276997585154712037820980650640306134221158533466118639246895988514510581744513318946129
658779415182706648574743166486741150842987908489575882303013944985895753040333758610804111937780013631168080978810516050283296109403199873117238536424495411351914776444982302043023747488521112600499332827666533100913434045852935483044329637712158664760175422557295943270769985577604100532874803984485058839406147433501472103282913627862682722770964568888764023399044741450267507521741020417815667184129875592474782363562241618038274610768458183037864880494641521246335796652692373725648022186525771
2283834927418399284479839939721559579306691997482966064782504470874774336606292168342546084146456429445121995146531750438315793180578622429753763629742929455109289796745469308260755360084048080955692016760395938250739823386128823341830767983250304445010245532570740601643072420491952164479444297085561360512027798472629861034536548739603874769383442764951032472085453825398400115290620633126529636564264594283885874686912302093814914951153113659469390656436918306629025473686850029759706406719578474
382754334613721137685768279570232028370553561345693889714375990958912497457756820698595776490870470814828562031661248306745064364985420038512031951407732078236060177204660530710147760332022822457848320991521304304859786331009668656228343236604654630777426142988193432998227934071209480233239234872724555662195814322297817321610247764176150113696246828246271854452363281799300134949402798800024675978853288119900993982843506251948146301017169507573227751258304322578181151866880998280011342187561853
14536876599618710335975170380266419251276866963566094402256526292499753822658214835982543436597519565302703215922979376324556369478131909874200833572175935647392763830115020417813785213702210644412385510641785333863578520726572572194938020921525736999532224153512903817838453752661652424705256602251408946396890191532663604084407977859715463384361449120929601371816622615593666580660244647593162664421009923684822978255701021730819411830239271425151923979780301902712705742742936324240257946611375661
5185359421754198789301989184038960876939994622262334705584518786064920907718585829291458665591004729613623752810120566594127166285136539638825740035151453730234826770668381798706796642194324075953278427160097123213567551729270533357413917553545441230255427762831676337173342865396625924858545751867859892310215502565164793895614974372972405183359032135028492301866061490890325567872536855859958219311998181187714533593356354916404559012619976377718493543408757922433476629763873147506497479471770519
47114833890591263867143548165141012165315958315169522374137633187817627876333522384608325123604053850755057433406787389500047746330408643730240821692818717205586549078055918464029830402719607943478510130039184784807514824297151006126864571880162180115060163415495459872481307019482243178192629387834295056468743742802611599253418703777518421399376293341574529226395944257173926275963744596947676086203395875996405544720533585277173905832795911313617596729807773754136641594095000063167218775855879653
