43961503737974174473355119931517277029689982434606004812656670822506857287987555082503410452999700307204456800526454441504033597490021354936966535218510717128117914823399751931025720937733556221583914619936879488815623982030053879060414552204775599207419549848973047124140678362888982715925463662641381810223443250907077358956285569402378228399128368165981377891790436182599538545965829956506447318685764031451082421430315684896294609585763381164913439762885175106078117864424912297312708161968871879
7920027247197153072382015469123598922291225304426360140719030068397750715498456678477635239382332291716455961460785000410463050519403250228614085386669066277166031371854483760432452789870519024190656248256503004633022502199638792295354015477129910883008459785846535034648864543714070426259930291607008113934771369370213970912979929165714457991717335221605872487590619097850707610095581633640840092011125072667028344686684880061491612085096716889901874888794699245790664598008704155545061711825557082
11019551726570778939947192109070379333800944744444898612859734448203460931169245392430022113308414132975096298785946503688130568976996272784041435883296907571387123155436187860138346695038891447732394722704691742022555210002811643842512068767373381048614041733641274908676730863259708736913972999680968767049903873171724441499745748070302859867399809640496275099866722543279386480351448389992782781315503530792163243166497531912084005712611301404735361212309959879261657579373177231538548469610954783
68231483636144271026915340119458180362014289414484809642547758142176730164410428352724813555093231554365712535818738150778127381413276978075828530524195192328989230789737051256174624048683191812299459249710800443787444192492290648507697308645131928816512224682275280480743118144142468675600236595082806068009428715591924260725986385685875063184795011322157901436588225497448767701355368926674690650010523141947713350309183472244114190571403567076517693309259634966004200675633060768183159382165766149
13144335068931323913118874716065438464804100207791794788750595541462207003593016925810942473914786508727912238727177880919630547301302204330629859779680413812869623367253436602484515225397248170620655985825011908117492073588426133768844445290723056298205187283670850543930967678337076639102726245000282569483568986689201756391633694496866042682121738650110147924046804803509500111103889528591688937208927956995706625363517239825399614837213047170373153737370385629838057597235390715253294994290522725
49145876115318939107590215592810751986804822355749053894816016688249828527372997941335241466892054544319489429803820821080618366748047349980779770338866661765040013886209290612488395948612355981074008940209025948265448742290861741474768017660229612609877034943363905939090323246256453640075950477898882874072901174489674902966383330822336584318719102417978073492428075986176305551693923693913936192680854036086762451781482720580196030834873392705056551803788137179875987304660164394196432413243878861
-1
1729830880060463291232727882879482457845170580097968861177529286649625915919196038533722198941267268704153308035097310173618168647128988140998114867177115241410021588588959393098707087930101409370603427780442195208794290799993704589992027827730795814581302495549247885539615973437706242656603737202913137708258110248244180583911883863429403797925708568891333993964334268093622017117619932122488004100030421894916582371555353464593550477847043472681935293209431107084796986040500296258445220817603047
12255208648045830087472217490074724718553556721495002251205549916494450162226041768883414032494454429486657361036834597113996158155277815505555590882816036733447719163277929027742351102372901029236723886558749299426760607245314153001503295894901971662194523070780314252099711090221076996092926463502321513312658784766694885491349277143174993377897303486560320887778034616044393177062864165035340101186088648257648359695103040680118387470106665059617652210067636310047379573930742962854864967537450444
6470771036684979149613184922711480419681372100134461798439210219808638622987111417318298481152289129136093391543837139195885300540675786450770241621441234616681139050663893610499589798174404630086067278856208486286185757589978312001626366211556938745130870225925537530347728813167416699263849273911907835234309597779161423993012426686873461223937804460284711326454013902804809404580331610152797377333176620801990675005652928075415164892374222623556154740531361345890968603873885525388336972905546837
